# i_p1
# photon
# PS1 i, 1.2 airmass
6650.000000 0.001000
6651.000000 0.001002
6652.000000 0.001003
6653.000000 0.001003
6654.000000 0.001003
6655.000000 0.001003
6656.000000 0.001003
6657.000000 0.001002
6658.000000 0.001001
6659.000000 0.001001
6660.000000 0.001000
6661.000000 0.000999
6662.000000 0.000999
6663.000000 0.000999
6664.000000 0.000999
6665.000000 0.000999
6666.000000 0.000999
6667.000000 0.000999
6668.000000 0.000999
6669.000000 0.001000
6670.000000 0.001000
6671.000000 0.001001
6672.000000 0.001001
6673.000000 0.001002
6674.000000 0.001002
6675.000000 0.001002
6676.000000 0.001002
6677.000000 0.001002
6678.000000 0.001002
6679.000000 0.001001
6680.000000 0.001000
6681.000000 0.000998
6682.000000 0.000997
6683.000000 0.000995
6684.000000 0.000993
6685.000000 0.000992
6686.000000 0.000992
6687.000000 0.000992
6688.000000 0.000993
6689.000000 0.000996
6690.000000 0.001000
6691.000000 0.001006
6692.000000 0.001012
6693.000000 0.001018
6694.000000 0.001024
6695.000000 0.001028
6696.000000 0.001030
6697.000000 0.001029
6698.000000 0.001024
6699.000000 0.001015
6700.000000 0.001000
6701.000000 0.000979
6702.000000 0.000956
6703.000000 0.000931
6704.000000 0.000910
6705.000000 0.000894
6706.000000 0.000886
6707.000000 0.000890
6708.000000 0.000909
6709.000000 0.000944
6710.000000 0.001000
6711.000000 0.001078
6712.000000 0.001174
6713.000000 0.001283
6714.000000 0.001400
6715.000000 0.001521
6716.000000 0.001640
6717.000000 0.001752
6718.000000 0.001853
6719.000000 0.001937
6720.000000 0.002000
6721.000000 0.002038
6722.000000 0.002054
6723.000000 0.002054
6724.000000 0.002042
6725.000000 0.002023
6726.000000 0.002002
6727.000000 0.001985
6728.000000 0.001975
6729.000000 0.001979
6730.000000 0.002000
6731.000000 0.002043
6732.000000 0.002106
6733.000000 0.002186
6734.000000 0.002281
6735.000000 0.002388
6736.000000 0.002503
6737.000000 0.002625
6738.000000 0.002750
6739.000000 0.002876
6740.000000 0.003000
6741.000000 0.003119
6742.000000 0.003234
6743.000000 0.003344
6744.000000 0.003450
6745.000000 0.003551
6746.000000 0.003648
6747.000000 0.003742
6748.000000 0.003831
6749.000000 0.003917
6750.000000 0.004000
6751.000000 0.004080
6752.000000 0.004158
6753.000000 0.004238
6754.000000 0.004320
6755.000000 0.004408
6756.000000 0.004503
6757.000000 0.004608
6758.000000 0.004724
6759.000000 0.004854
6760.000000 0.005000
6761.000000 0.005163
6762.000000 0.005341
6763.000000 0.005532
6764.000000 0.005733
6765.000000 0.005941
6766.000000 0.006154
6767.000000 0.006369
6768.000000 0.006584
6769.000000 0.006795
6770.000000 0.007000
6771.000000 0.007198
6772.000000 0.007389
6773.000000 0.007577
6774.000000 0.007764
6775.000000 0.007952
6776.000000 0.008144
6777.000000 0.008343
6778.000000 0.008550
6779.000000 0.008768
6780.000000 0.009000
6781.000000 0.009248
6782.000000 0.009510
6783.000000 0.009786
6784.000000 0.010075
6785.000000 0.010375
6786.000000 0.010685
6787.000000 0.011003
6788.000000 0.011330
6789.000000 0.011662
6790.000000 0.012000
6791.000000 0.012342
6792.000000 0.012691
6793.000000 0.013048
6794.000000 0.013416
6795.000000 0.013798
6796.000000 0.014197
6797.000000 0.014614
6798.000000 0.015051
6799.000000 0.015513
6800.000000 0.016000
6801.000000 0.016515
6802.000000 0.017055
6803.000000 0.017619
6804.000000 0.018204
6805.000000 0.018806
6806.000000 0.019424
6807.000000 0.020055
6808.000000 0.020697
6809.000000 0.021346
6810.000000 0.022000
6811.000000 0.022658
6812.000000 0.023320
6813.000000 0.023988
6814.000000 0.024665
6815.000000 0.025351
6816.000000 0.026050
6817.000000 0.026762
6818.000000 0.027490
6819.000000 0.028235
6820.000000 0.029000
6821.000000 0.029787
6822.000000 0.030602
6823.000000 0.031452
6824.000000 0.032345
6825.000000 0.033288
6826.000000 0.034288
6827.000000 0.035352
6828.000000 0.036487
6829.000000 0.037701
6830.000000 0.039000
6831.000000 0.040390
6832.000000 0.041866
6833.000000 0.043422
6834.000000 0.045051
6835.000000 0.046746
6836.000000 0.048503
6837.000000 0.050312
6838.000000 0.052170
6839.000000 0.054068
6840.000000 0.056000
6841.000000 0.057968
6842.000000 0.060007
6843.000000 0.062160
6844.000000 0.064469
6845.000000 0.066976
6846.000000 0.069726
6847.000000 0.072760
6848.000000 0.076122
6849.000000 0.079855
6850.000000 0.084000
6851.000000 0.088577
6852.000000 0.093505
6853.000000 0.098679
6854.000000 0.103995
6855.000000 0.109348
6856.000000 0.114633
6857.000000 0.119746
6858.000000 0.124581
6859.000000 0.129034
6860.000000 0.133000
6861.000000 0.136421
6862.000000 0.139422
6863.000000 0.142176
6864.000000 0.144855
6865.000000 0.147632
6866.000000 0.150678
6867.000000 0.154165
6868.000000 0.158267
6869.000000 0.163154
6870.000000 0.169000
6871.000000 0.175922
6872.000000 0.183823
6873.000000 0.192550
6874.000000 0.201952
6875.000000 0.211875
6876.000000 0.222169
6877.000000 0.232680
6878.000000 0.243257
6879.000000 0.253748
6880.000000 0.264000
6881.000000 0.273892
6882.000000 0.283421
6883.000000 0.292616
6884.000000 0.301505
6885.000000 0.310117
6886.000000 0.318479
6887.000000 0.326621
6888.000000 0.334569
6889.000000 0.342353
6890.000000 0.350000
6891.000000 0.357540
6892.000000 0.365005
6893.000000 0.372428
6894.000000 0.379842
6895.000000 0.387281
6896.000000 0.394777
6897.000000 0.402364
6898.000000 0.410075
6899.000000 0.417942
6900.000000 0.426000
6901.000000 0.434268
6902.000000 0.442719
6903.000000 0.451312
6904.000000 0.460005
6905.000000 0.468759
6906.000000 0.477531
6907.000000 0.486283
6908.000000 0.494972
6909.000000 0.503558
6910.000000 0.512000
6911.000000 0.520269
6912.000000 0.528382
6913.000000 0.536366
6914.000000 0.544249
6915.000000 0.552059
6916.000000 0.559825
6917.000000 0.567574
6918.000000 0.575334
6919.000000 0.583134
6920.000000 0.591000
6921.000000 0.598952
6922.000000 0.606970
6923.000000 0.615025
6924.000000 0.623088
6925.000000 0.631129
6926.000000 0.639120
6927.000000 0.647032
6928.000000 0.654835
6929.000000 0.662501
6930.000000 0.670000
6931.000000 0.677311
6932.000000 0.684442
6933.000000 0.691410
6934.000000 0.698232
6935.000000 0.704923
6936.000000 0.711501
6937.000000 0.717981
6938.000000 0.724380
6939.000000 0.730714
6940.000000 0.737000
6941.000000 0.743245
6942.000000 0.749422
6943.000000 0.755494
6944.000000 0.761424
6945.000000 0.767177
6946.000000 0.772716
6947.000000 0.778004
6948.000000 0.783005
6949.000000 0.787682
6950.000000 0.792000
6951.000000 0.795935
6952.000000 0.799519
6953.000000 0.802798
6954.000000 0.805816
6955.000000 0.808619
6956.000000 0.811253
6957.000000 0.813762
6958.000000 0.816193
6959.000000 0.818591
6960.000000 0.821000
6961.000000 0.823454
6962.000000 0.825934
6963.000000 0.828409
6964.000000 0.830849
6965.000000 0.833222
6966.000000 0.835497
6967.000000 0.837644
6968.000000 0.839630
6969.000000 0.841426
6970.000000 0.843000
6971.000000 0.844330
6972.000000 0.845425
6973.000000 0.846305
6974.000000 0.846988
6975.000000 0.847493
6976.000000 0.847839
6977.000000 0.848044
6978.000000 0.848126
6979.000000 0.848105
6980.000000 0.848000
6981.000000 0.847828
6982.000000 0.847606
6983.000000 0.847351
6984.000000 0.847079
6985.000000 0.846806
6986.000000 0.846548
6987.000000 0.846322
6988.000000 0.846145
6989.000000 0.846032
6990.000000 0.846000
6991.000000 0.846059
6992.000000 0.846198
6993.000000 0.846398
6994.000000 0.846641
6995.000000 0.846909
6996.000000 0.847185
6997.000000 0.847450
6998.000000 0.847686
6999.000000 0.847875
7000.000000 0.848000
7001.000000 0.848047
7002.000000 0.848026
7003.000000 0.847949
7004.000000 0.847830
7005.000000 0.847683
7006.000000 0.847521
7007.000000 0.847358
7008.000000 0.847208
7009.000000 0.847084
7010.000000 0.847000
7011.000000 0.846965
7012.000000 0.846971
7013.000000 0.847005
7014.000000 0.847056
7015.000000 0.847110
7016.000000 0.847155
7017.000000 0.847180
7018.000000 0.847170
7019.000000 0.847114
7020.000000 0.847000
7021.000000 0.846820
7022.000000 0.846587
7023.000000 0.846319
7024.000000 0.846035
7025.000000 0.845752
7026.000000 0.845489
7027.000000 0.845264
7028.000000 0.845096
7029.000000 0.845002
7030.000000 0.845000
7031.000000 0.845103
7032.000000 0.845298
7033.000000 0.845568
7034.000000 0.845894
7035.000000 0.846257
7036.000000 0.846640
7037.000000 0.847024
7038.000000 0.847390
7039.000000 0.847722
7040.000000 0.848000
7041.000000 0.848211
7042.000000 0.848364
7043.000000 0.848470
7044.000000 0.848543
7045.000000 0.848596
7046.000000 0.848640
7047.000000 0.848690
7048.000000 0.848759
7049.000000 0.848857
7050.000000 0.849000
7051.000000 0.849195
7052.000000 0.849438
7053.000000 0.849720
7054.000000 0.850030
7055.000000 0.850361
7056.000000 0.850703
7057.000000 0.851047
7058.000000 0.851384
7059.000000 0.851704
7060.000000 0.852000
7061.000000 0.852263
7062.000000 0.852491
7063.000000 0.852684
7064.000000 0.852841
7065.000000 0.852961
7066.000000 0.853045
7067.000000 0.853091
7068.000000 0.853099
7069.000000 0.853069
7070.000000 0.853000
7071.000000 0.852892
7072.000000 0.852750
7073.000000 0.852579
7074.000000 0.852384
7075.000000 0.852170
7076.000000 0.851942
7077.000000 0.851706
7078.000000 0.851467
7079.000000 0.851230
7080.000000 0.851000
7081.000000 0.850781
7082.000000 0.850572
7083.000000 0.850371
7084.000000 0.850176
7085.000000 0.849985
7086.000000 0.849794
7087.000000 0.849603
7088.000000 0.849408
7089.000000 0.849208
7090.000000 0.849000
7091.000000 0.848783
7092.000000 0.848561
7093.000000 0.848335
7094.000000 0.848111
7095.000000 0.847892
7096.000000 0.847682
7097.000000 0.847483
7098.000000 0.847301
7099.000000 0.847139
7100.000000 0.847000
7101.000000 0.846887
7102.000000 0.846802
7103.000000 0.846742
7104.000000 0.846707
7105.000000 0.846697
7106.000000 0.846712
7107.000000 0.846750
7108.000000 0.846811
7109.000000 0.846894
7110.000000 0.847000
7111.000000 0.847127
7112.000000 0.847273
7113.000000 0.847438
7114.000000 0.847621
7115.000000 0.847819
7116.000000 0.848032
7117.000000 0.848258
7118.000000 0.848495
7119.000000 0.848743
7120.000000 0.849000
7121.000000 0.849265
7122.000000 0.849537
7123.000000 0.849818
7124.000000 0.850106
7125.000000 0.850401
7126.000000 0.850705
7127.000000 0.851017
7128.000000 0.851337
7129.000000 0.851664
7130.000000 0.852000
7131.000000 0.852343
7132.000000 0.852689
7133.000000 0.853034
7134.000000 0.853373
7135.000000 0.853700
7136.000000 0.854012
7137.000000 0.854302
7138.000000 0.854567
7139.000000 0.854801
7140.000000 0.855000
7141.000000 0.855162
7142.000000 0.855297
7143.000000 0.855418
7144.000000 0.855539
7145.000000 0.855673
7146.000000 0.855833
7147.000000 0.856032
7148.000000 0.856284
7149.000000 0.856603
7150.000000 0.857000
7151.000000 0.857481
7152.000000 0.858012
7153.000000 0.858551
7154.000000 0.859056
7155.000000 0.859484
7156.000000 0.859794
7157.000000 0.859942
7158.000000 0.859888
7159.000000 0.859588
7160.000000 0.859000
7161.000000 0.858098
7162.000000 0.856920
7163.000000 0.855520
7164.000000 0.853951
7165.000000 0.852267
7166.000000 0.850521
7167.000000 0.848768
7168.000000 0.847061
7169.000000 0.845454
7170.000000 0.844000
7171.000000 0.842737
7172.000000 0.841634
7173.000000 0.840646
7174.000000 0.839725
7175.000000 0.838824
7176.000000 0.837898
7177.000000 0.836899
7178.000000 0.835781
7179.000000 0.834497
7180.000000 0.833000
7181.000000 0.831264
7182.000000 0.829342
7183.000000 0.827306
7184.000000 0.825230
7185.000000 0.823186
7186.000000 0.821247
7187.000000 0.819486
7188.000000 0.817976
7189.000000 0.816790
7190.000000 0.816000
7191.000000 0.815659
7192.000000 0.815734
7193.000000 0.816174
7194.000000 0.816924
7195.000000 0.817933
7196.000000 0.819147
7197.000000 0.820513
7198.000000 0.821980
7199.000000 0.823493
7200.000000 0.825000
7201.000000 0.826462
7202.000000 0.827896
7203.000000 0.829333
7204.000000 0.830801
7205.000000 0.832333
7206.000000 0.833958
7207.000000 0.835707
7208.000000 0.837610
7209.000000 0.839697
7210.000000 0.842000
7211.000000 0.844528
7212.000000 0.847208
7213.000000 0.849948
7214.000000 0.852655
7215.000000 0.855236
7216.000000 0.857598
7217.000000 0.859648
7218.000000 0.861294
7219.000000 0.862442
7220.000000 0.863000
7221.000000 0.862905
7222.000000 0.862216
7223.000000 0.861022
7224.000000 0.859412
7225.000000 0.857475
7226.000000 0.855300
7227.000000 0.852976
7228.000000 0.850592
7229.000000 0.848237
7230.000000 0.846000
7231.000000 0.843954
7232.000000 0.842103
7233.000000 0.840438
7234.000000 0.838945
7235.000000 0.837615
7236.000000 0.836436
7237.000000 0.835396
7238.000000 0.834484
7239.000000 0.833689
7240.000000 0.833000
7241.000000 0.832409
7242.000000 0.831922
7243.000000 0.831550
7244.000000 0.831302
7245.000000 0.831189
7246.000000 0.831221
7247.000000 0.831408
7248.000000 0.831760
7249.000000 0.832288
7250.000000 0.833000
7251.000000 0.833897
7252.000000 0.834937
7253.000000 0.836065
7254.000000 0.837230
7255.000000 0.838378
7256.000000 0.839455
7257.000000 0.840409
7258.000000 0.841187
7259.000000 0.841735
7260.000000 0.842000
7261.000000 0.841947
7262.000000 0.841611
7263.000000 0.841044
7264.000000 0.840298
7265.000000 0.839425
7266.000000 0.838479
7267.000000 0.837511
7268.000000 0.836574
7269.000000 0.835719
7270.000000 0.835000
7271.000000 0.834455
7272.000000 0.834067
7273.000000 0.833806
7274.000000 0.833643
7275.000000 0.833545
7276.000000 0.833485
7277.000000 0.833430
7278.000000 0.833351
7279.000000 0.833218
7280.000000 0.833000
7281.000000 0.832679
7282.000000 0.832281
7283.000000 0.831846
7284.000000 0.831412
7285.000000 0.831018
7286.000000 0.830702
7287.000000 0.830504
7288.000000 0.830462
7289.000000 0.830614
7290.000000 0.831000
7291.000000 0.831640
7292.000000 0.832481
7293.000000 0.833454
7294.000000 0.834486
7295.000000 0.835509
7296.000000 0.836451
7297.000000 0.837242
7298.000000 0.837810
7299.000000 0.838087
7300.000000 0.838000
7301.000000 0.837506
7302.000000 0.836666
7303.000000 0.835568
7304.000000 0.834299
7305.000000 0.832946
7306.000000 0.831598
7307.000000 0.830342
7308.000000 0.829265
7309.000000 0.828455
7310.000000 0.828000
7311.000000 0.827963
7312.000000 0.828310
7313.000000 0.828983
7314.000000 0.829926
7315.000000 0.831080
7316.000000 0.832388
7317.000000 0.833791
7318.000000 0.835233
7319.000000 0.836655
7320.000000 0.838000
7321.000000 0.839221
7322.000000 0.840319
7323.000000 0.841304
7324.000000 0.842188
7325.000000 0.842982
7326.000000 0.843698
7327.000000 0.844346
7328.000000 0.844938
7329.000000 0.845486
7330.000000 0.846000
7331.000000 0.846490
7332.000000 0.846959
7333.000000 0.847406
7334.000000 0.847833
7335.000000 0.848240
7336.000000 0.848628
7337.000000 0.848998
7338.000000 0.849349
7339.000000 0.849683
7340.000000 0.850000
7341.000000 0.850301
7342.000000 0.850591
7343.000000 0.850873
7344.000000 0.851152
7345.000000 0.851431
7346.000000 0.851717
7347.000000 0.852012
7348.000000 0.852321
7349.000000 0.852649
7350.000000 0.853000
7351.000000 0.853376
7352.000000 0.853774
7353.000000 0.854187
7354.000000 0.854609
7355.000000 0.855034
7356.000000 0.855457
7357.000000 0.855871
7358.000000 0.856270
7359.000000 0.856648
7360.000000 0.857000
7361.000000 0.857321
7362.000000 0.857617
7363.000000 0.857896
7364.000000 0.858165
7365.000000 0.858432
7366.000000 0.858704
7367.000000 0.858989
7368.000000 0.859295
7369.000000 0.859630
7370.000000 0.860000
7371.000000 0.860411
7372.000000 0.860853
7373.000000 0.861313
7374.000000 0.861780
7375.000000 0.862239
7376.000000 0.862680
7377.000000 0.863089
7378.000000 0.863454
7379.000000 0.863762
7380.000000 0.864000
7381.000000 0.864161
7382.000000 0.864252
7383.000000 0.864287
7384.000000 0.864277
7385.000000 0.864236
7386.000000 0.864176
7387.000000 0.864110
7388.000000 0.864050
7389.000000 0.864009
7390.000000 0.864000
7391.000000 0.864032
7392.000000 0.864099
7393.000000 0.864196
7394.000000 0.864312
7395.000000 0.864442
7396.000000 0.864575
7397.000000 0.864706
7398.000000 0.864826
7399.000000 0.864926
7400.000000 0.865000
7401.000000 0.865041
7402.000000 0.865055
7403.000000 0.865047
7404.000000 0.865026
7405.000000 0.864998
7406.000000 0.864970
7407.000000 0.864949
7408.000000 0.864943
7409.000000 0.864957
7410.000000 0.865000
7411.000000 0.865075
7412.000000 0.865178
7413.000000 0.865299
7414.000000 0.865432
7415.000000 0.865567
7416.000000 0.865697
7417.000000 0.865813
7418.000000 0.865908
7419.000000 0.865973
7420.000000 0.866000
7421.000000 0.865984
7422.000000 0.865930
7423.000000 0.865844
7424.000000 0.865735
7425.000000 0.865610
7426.000000 0.865476
7427.000000 0.865340
7428.000000 0.865211
7429.000000 0.865095
7430.000000 0.865000
7431.000000 0.864932
7432.000000 0.864888
7433.000000 0.864865
7434.000000 0.864860
7435.000000 0.864869
7436.000000 0.864889
7437.000000 0.864915
7438.000000 0.864945
7439.000000 0.864974
7440.000000 0.865000
7441.000000 0.865019
7442.000000 0.865031
7443.000000 0.865038
7444.000000 0.865040
7445.000000 0.865038
7446.000000 0.865033
7447.000000 0.865026
7448.000000 0.865017
7449.000000 0.865008
7450.000000 0.865000
7451.000000 0.864993
7452.000000 0.864987
7453.000000 0.864982
7454.000000 0.864980
7455.000000 0.864978
7456.000000 0.864979
7457.000000 0.864981
7458.000000 0.864985
7459.000000 0.864992
7460.000000 0.865000
7461.000000 0.865010
7462.000000 0.865021
7463.000000 0.865032
7464.000000 0.865042
7465.000000 0.865048
7466.000000 0.865051
7467.000000 0.865049
7468.000000 0.865041
7469.000000 0.865025
7470.000000 0.865000
7471.000000 0.864966
7472.000000 0.864928
7473.000000 0.864888
7474.000000 0.864854
7475.000000 0.864828
7476.000000 0.864816
7477.000000 0.864822
7478.000000 0.864852
7479.000000 0.864910
7480.000000 0.865000
7481.000000 0.865126
7482.000000 0.865284
7483.000000 0.865468
7484.000000 0.865672
7485.000000 0.865891
7486.000000 0.866118
7487.000000 0.866348
7488.000000 0.866576
7489.000000 0.866795
7490.000000 0.867000
7491.000000 0.867186
7492.000000 0.867352
7493.000000 0.867499
7494.000000 0.867627
7495.000000 0.867735
7496.000000 0.867825
7497.000000 0.867896
7498.000000 0.867949
7499.000000 0.867983
7500.000000 0.868000
7501.000000 0.868000
7502.000000 0.867987
7503.000000 0.867966
7504.000000 0.867941
7505.000000 0.867919
7506.000000 0.867903
7507.000000 0.867898
7508.000000 0.867909
7509.000000 0.867942
7510.000000 0.868000
7511.000000 0.868087
7512.000000 0.868197
7513.000000 0.868323
7514.000000 0.868456
7515.000000 0.868590
7516.000000 0.868717
7517.000000 0.868829
7518.000000 0.868918
7519.000000 0.868978
7520.000000 0.869000
7521.000000 0.868979
7522.000000 0.868921
7523.000000 0.868833
7524.000000 0.868722
7525.000000 0.868595
7526.000000 0.868462
7527.000000 0.868328
7528.000000 0.868201
7529.000000 0.868089
7530.000000 0.868000
7531.000000 0.867939
7532.000000 0.867903
7533.000000 0.867888
7534.000000 0.867889
7535.000000 0.867903
7536.000000 0.867925
7537.000000 0.867950
7538.000000 0.867974
7539.000000 0.867992
7540.000000 0.868000
7541.000000 0.867994
7542.000000 0.867972
7543.000000 0.867932
7544.000000 0.867873
7545.000000 0.867792
7546.000000 0.867687
7547.000000 0.867557
7548.000000 0.867401
7549.000000 0.867216
7550.000000 0.867000
7551.000000 0.866755
7552.000000 0.866496
7553.000000 0.866239
7554.000000 0.866003
7555.000000 0.865805
7556.000000 0.865663
7557.000000 0.865594
7558.000000 0.865615
7559.000000 0.865745
7560.000000 0.866000
7561.000000 0.866383
7562.000000 0.866836
7563.000000 0.867283
7564.000000 0.867649
7565.000000 0.867862
7566.000000 0.867845
7567.000000 0.867525
7568.000000 0.866827
7569.000000 0.865677
7570.000000 0.864000
7571.000000 0.861783
7572.000000 0.859257
7573.000000 0.856714
7574.000000 0.854447
7575.000000 0.852747
7576.000000 0.851908
7577.000000 0.852222
7578.000000 0.853980
7579.000000 0.857475
7580.000000 0.863000
7581.000000 0.870612
7582.000000 0.879433
7583.000000 0.888351
7584.000000 0.896252
7585.000000 0.902023
7586.000000 0.904553
7587.000000 0.902729
7588.000000 0.895437
7589.000000 0.881565
7590.000000 0.860000
7591.000000 0.830061
7592.000000 0.792794
7593.000000 0.749674
7594.000000 0.702179
7595.000000 0.651784
7596.000000 0.599966
7597.000000 0.548203
7598.000000 0.497969
7599.000000 0.450743
7600.000000 0.408000
7601.000000 0.370996
7602.000000 0.340103
7603.000000 0.315470
7604.000000 0.297250
7605.000000 0.285591
7606.000000 0.280645
7607.000000 0.282563
7608.000000 0.291494
7609.000000 0.307590
7610.000000 0.331000
7611.000000 0.361530
7612.000000 0.397603
7613.000000 0.437297
7614.000000 0.478687
7615.000000 0.519852
7616.000000 0.558869
7617.000000 0.593815
7618.000000 0.622767
7619.000000 0.643803
7620.000000 0.655000
7621.000000 0.655088
7622.000000 0.645411
7623.000000 0.627965
7624.000000 0.604746
7625.000000 0.577751
7626.000000 0.548976
7627.000000 0.520417
7628.000000 0.494070
7629.000000 0.471932
7630.000000 0.456000
7631.000000 0.447754
7632.000000 0.446615
7633.000000 0.451488
7634.000000 0.461279
7635.000000 0.474893
7636.000000 0.491236
7637.000000 0.509212
7638.000000 0.527728
7639.000000 0.545689
7640.000000 0.562000
7641.000000 0.575813
7642.000000 0.587265
7643.000000 0.596741
7644.000000 0.604625
7645.000000 0.611301
7646.000000 0.617153
7647.000000 0.622564
7648.000000 0.627920
7649.000000 0.633604
7650.000000 0.640000
7651.000000 0.647395
7652.000000 0.655684
7653.000000 0.664666
7654.000000 0.674140
7655.000000 0.683903
7656.000000 0.693753
7657.000000 0.703490
7658.000000 0.712911
7659.000000 0.721815
7660.000000 0.730000
7661.000000 0.737319
7662.000000 0.743847
7663.000000 0.749711
7664.000000 0.755040
7665.000000 0.759964
7666.000000 0.764610
7667.000000 0.769109
7668.000000 0.773587
7669.000000 0.778175
7670.000000 0.783000
7671.000000 0.788152
7672.000000 0.793562
7673.000000 0.799119
7674.000000 0.804716
7675.000000 0.810242
7676.000000 0.815589
7677.000000 0.820648
7678.000000 0.825308
7679.000000 0.829462
7680.000000 0.833000
7681.000000 0.835847
7682.000000 0.838067
7683.000000 0.839757
7684.000000 0.841016
7685.000000 0.841942
7686.000000 0.842632
7687.000000 0.843185
7688.000000 0.843699
7689.000000 0.844271
7690.000000 0.845000
7691.000000 0.845960
7692.000000 0.847131
7693.000000 0.848472
7694.000000 0.849939
7695.000000 0.851490
7696.000000 0.853081
7697.000000 0.854670
7698.000000 0.856215
7699.000000 0.857673
7700.000000 0.859000
7701.000000 0.860164
7702.000000 0.861168
7703.000000 0.862025
7704.000000 0.862748
7705.000000 0.863350
7706.000000 0.863844
7707.000000 0.864243
7708.000000 0.864560
7709.000000 0.864808
7710.000000 0.865000
7711.000000 0.865147
7712.000000 0.865254
7713.000000 0.865324
7714.000000 0.865358
7715.000000 0.865362
7716.000000 0.865336
7717.000000 0.865284
7718.000000 0.865209
7719.000000 0.865113
7720.000000 0.865000
7721.000000 0.864872
7722.000000 0.864728
7723.000000 0.864569
7724.000000 0.864395
7725.000000 0.864204
7726.000000 0.863997
7727.000000 0.863774
7728.000000 0.863533
7729.000000 0.863275
7730.000000 0.863000
7731.000000 0.862708
7732.000000 0.862402
7733.000000 0.862087
7734.000000 0.861767
7735.000000 0.861448
7736.000000 0.861132
7737.000000 0.860825
7738.000000 0.860531
7739.000000 0.860255
7740.000000 0.860000
7741.000000 0.859770
7742.000000 0.859561
7743.000000 0.859368
7744.000000 0.859184
7745.000000 0.859006
7746.000000 0.858827
7747.000000 0.858642
7748.000000 0.858447
7749.000000 0.858234
7750.000000 0.858000
7751.000000 0.857740
7752.000000 0.857458
7753.000000 0.857159
7754.000000 0.856847
7755.000000 0.856529
7756.000000 0.856207
7757.000000 0.855889
7758.000000 0.855578
7759.000000 0.855280
7760.000000 0.855000
7761.000000 0.854741
7762.000000 0.854502
7763.000000 0.854281
7764.000000 0.854074
7765.000000 0.853880
7766.000000 0.853695
7767.000000 0.853517
7768.000000 0.853344
7769.000000 0.853172
7770.000000 0.853000
7771.000000 0.852824
7772.000000 0.852645
7773.000000 0.852461
7774.000000 0.852272
7775.000000 0.852077
7776.000000 0.851876
7777.000000 0.851668
7778.000000 0.851453
7779.000000 0.851231
7780.000000 0.851000
7781.000000 0.850760
7782.000000 0.850510
7783.000000 0.850249
7784.000000 0.849976
7785.000000 0.849688
7786.000000 0.849385
7787.000000 0.849067
7788.000000 0.848730
7789.000000 0.848375
7790.000000 0.848000
7791.000000 0.847605
7792.000000 0.847194
7793.000000 0.846772
7794.000000 0.846346
7795.000000 0.845921
7796.000000 0.845502
7797.000000 0.845095
7798.000000 0.844705
7799.000000 0.844339
7800.000000 0.844000
7801.000000 0.843694
7802.000000 0.843419
7803.000000 0.843172
7804.000000 0.842951
7805.000000 0.842752
7806.000000 0.842573
7807.000000 0.842412
7808.000000 0.842264
7809.000000 0.842128
7810.000000 0.842000
7811.000000 0.841879
7812.000000 0.841763
7813.000000 0.841652
7814.000000 0.841546
7815.000000 0.841445
7816.000000 0.841348
7817.000000 0.841256
7818.000000 0.841167
7819.000000 0.841082
7820.000000 0.841000
7821.000000 0.840921
7822.000000 0.840843
7823.000000 0.840763
7824.000000 0.840681
7825.000000 0.840593
7826.000000 0.840498
7827.000000 0.840393
7828.000000 0.840276
7829.000000 0.840146
7830.000000 0.840000
7831.000000 0.839837
7832.000000 0.839658
7833.000000 0.839467
7834.000000 0.839266
7835.000000 0.839058
7836.000000 0.838845
7837.000000 0.838630
7838.000000 0.838416
7839.000000 0.838205
7840.000000 0.838000
7841.000000 0.837803
7842.000000 0.837612
7843.000000 0.837425
7844.000000 0.837238
7845.000000 0.837051
7846.000000 0.836859
7847.000000 0.836660
7848.000000 0.836453
7849.000000 0.836233
7850.000000 0.836000
7851.000000 0.835750
7852.000000 0.835486
7853.000000 0.835207
7854.000000 0.834916
7855.000000 0.834615
7856.000000 0.834304
7857.000000 0.833986
7858.000000 0.833661
7859.000000 0.833332
7860.000000 0.833000
7861.000000 0.832666
7862.000000 0.832333
7863.000000 0.832004
7864.000000 0.831680
7865.000000 0.831365
7866.000000 0.831060
7867.000000 0.830769
7868.000000 0.830493
7869.000000 0.830236
7870.000000 0.830000
7871.000000 0.829786
7872.000000 0.829589
7873.000000 0.829405
7874.000000 0.829227
7875.000000 0.829051
7876.000000 0.828871
7877.000000 0.828681
7878.000000 0.828477
7879.000000 0.828251
7880.000000 0.828000
7881.000000 0.827718
7882.000000 0.827407
7883.000000 0.827066
7884.000000 0.826699
7885.000000 0.826305
7886.000000 0.825887
7887.000000 0.825446
7888.000000 0.824984
7889.000000 0.824501
7890.000000 0.824000
7891.000000 0.823483
7892.000000 0.822960
7893.000000 0.822444
7894.000000 0.821946
7895.000000 0.821478
7896.000000 0.821051
7897.000000 0.820679
7898.000000 0.820371
7899.000000 0.820141
7900.000000 0.820000
7901.000000 0.819956
7902.000000 0.820000
7903.000000 0.820119
7904.000000 0.820301
7905.000000 0.820533
7906.000000 0.820803
7907.000000 0.821097
7908.000000 0.821403
7909.000000 0.821708
7910.000000 0.822000
7911.000000 0.822268
7912.000000 0.822513
7913.000000 0.822738
7914.000000 0.822945
7915.000000 0.823139
7916.000000 0.823321
7917.000000 0.823495
7918.000000 0.823664
7919.000000 0.823832
7920.000000 0.824000
7921.000000 0.824173
7922.000000 0.824357
7923.000000 0.824558
7924.000000 0.824782
7925.000000 0.825038
7926.000000 0.825330
7927.000000 0.825665
7928.000000 0.826051
7929.000000 0.826494
7930.000000 0.827000
7931.000000 0.827573
7932.000000 0.828204
7933.000000 0.828883
7934.000000 0.829597
7935.000000 0.830336
7936.000000 0.831088
7937.000000 0.831842
7938.000000 0.832586
7939.000000 0.833309
7940.000000 0.834000
7941.000000 0.834648
7942.000000 0.835250
7943.000000 0.835801
7944.000000 0.836300
7945.000000 0.836742
7946.000000 0.837125
7947.000000 0.837445
7948.000000 0.837700
7949.000000 0.837886
7950.000000 0.838000
7951.000000 0.838043
7952.000000 0.838028
7953.000000 0.837975
7954.000000 0.837899
7955.000000 0.837821
7956.000000 0.837757
7957.000000 0.837724
7958.000000 0.837742
7959.000000 0.837828
7960.000000 0.838000
7961.000000 0.838270
7962.000000 0.838629
7963.000000 0.839063
7964.000000 0.839558
7965.000000 0.840100
7966.000000 0.840673
7967.000000 0.841264
7968.000000 0.841858
7969.000000 0.842442
7970.000000 0.843000
7971.000000 0.843521
7972.000000 0.843999
7973.000000 0.844433
7974.000000 0.844819
7975.000000 0.845155
7976.000000 0.845440
7977.000000 0.845669
7978.000000 0.845840
7979.000000 0.845951
7980.000000 0.846000
7981.000000 0.845985
7982.000000 0.845911
7983.000000 0.845785
7984.000000 0.845614
7985.000000 0.845404
7986.000000 0.845161
7987.000000 0.844893
7988.000000 0.844605
7989.000000 0.844306
7990.000000 0.844000
7991.000000 0.843694
7992.000000 0.843389
7993.000000 0.843085
7994.000000 0.842782
7995.000000 0.842480
7996.000000 0.842181
7997.000000 0.841882
7998.000000 0.841586
7999.000000 0.841292
8000.000000 0.841000
8001.000000 0.840710
8002.000000 0.840422
8003.000000 0.840133
8004.000000 0.839843
8005.000000 0.839550
8006.000000 0.839253
8007.000000 0.838951
8008.000000 0.838642
8009.000000 0.838326
8010.000000 0.838000
8011.000000 0.837665
8012.000000 0.837325
8013.000000 0.836984
8014.000000 0.836648
8015.000000 0.836321
8016.000000 0.836008
8017.000000 0.835715
8018.000000 0.835446
8019.000000 0.835206
8020.000000 0.835000
8021.000000 0.834831
8022.000000 0.834695
8023.000000 0.834585
8024.000000 0.834495
8025.000000 0.834417
8026.000000 0.834347
8027.000000 0.834276
8028.000000 0.834199
8029.000000 0.834109
8030.000000 0.834000
8031.000000 0.833867
8032.000000 0.833710
8033.000000 0.833534
8034.000000 0.833342
8035.000000 0.833135
8036.000000 0.832918
8037.000000 0.832692
8038.000000 0.832462
8039.000000 0.832231
8040.000000 0.832000
8041.000000 0.831773
8042.000000 0.831551
8043.000000 0.831334
8044.000000 0.831123
8045.000000 0.830918
8046.000000 0.830719
8047.000000 0.830528
8048.000000 0.830344
8049.000000 0.830168
8050.000000 0.830000
8051.000000 0.829840
8052.000000 0.829685
8053.000000 0.829528
8054.000000 0.829366
8055.000000 0.829193
8056.000000 0.829005
8057.000000 0.828796
8058.000000 0.828563
8059.000000 0.828299
8060.000000 0.828000
8061.000000 0.827663
8062.000000 0.827294
8063.000000 0.826899
8064.000000 0.826485
8065.000000 0.826059
8066.000000 0.825628
8067.000000 0.825200
8068.000000 0.824781
8069.000000 0.824379
8070.000000 0.824000
8071.000000 0.823649
8072.000000 0.823324
8073.000000 0.823018
8074.000000 0.822727
8075.000000 0.822446
8076.000000 0.822169
8077.000000 0.821891
8078.000000 0.821607
8079.000000 0.821312
8080.000000 0.821000
8081.000000 0.820667
8082.000000 0.820315
8083.000000 0.819944
8084.000000 0.819557
8085.000000 0.819156
8086.000000 0.818743
8087.000000 0.818318
8088.000000 0.817885
8089.000000 0.817445
8090.000000 0.817000
8091.000000 0.816552
8092.000000 0.816105
8093.000000 0.815662
8094.000000 0.815227
8095.000000 0.814804
8096.000000 0.814397
8097.000000 0.814009
8098.000000 0.813644
8099.000000 0.813307
8100.000000 0.813000
8101.000000 0.812725
8102.000000 0.812474
8103.000000 0.812236
8104.000000 0.811999
8105.000000 0.811753
8106.000000 0.811487
8107.000000 0.811190
8108.000000 0.810850
8109.000000 0.810457
8110.000000 0.810000
8111.000000 0.809472
8112.000000 0.808886
8113.000000 0.808256
8114.000000 0.807600
8115.000000 0.806933
8116.000000 0.806271
8117.000000 0.805631
8118.000000 0.805028
8119.000000 0.804479
8120.000000 0.804000
8121.000000 0.803598
8122.000000 0.803247
8123.000000 0.802910
8124.000000 0.802554
8125.000000 0.802141
8126.000000 0.801637
8127.000000 0.801007
8128.000000 0.800214
8129.000000 0.799223
8130.000000 0.798000
8131.000000 0.796523
8132.000000 0.794831
8133.000000 0.792978
8134.000000 0.791017
8135.000000 0.789003
8136.000000 0.786988
8137.000000 0.785027
8138.000000 0.783173
8139.000000 0.781479
8140.000000 0.780000
8141.000000 0.778767
8142.000000 0.777725
8143.000000 0.776796
8144.000000 0.775904
8145.000000 0.774972
8146.000000 0.773922
8147.000000 0.772676
8148.000000 0.771159
8149.000000 0.769293
8150.000000 0.767000
8151.000000 0.764228
8152.000000 0.761022
8153.000000 0.757450
8154.000000 0.753581
8155.000000 0.749485
8156.000000 0.745229
8157.000000 0.740884
8158.000000 0.736519
8159.000000 0.732201
8160.000000 0.728000
8161.000000 0.723962
8162.000000 0.720036
8163.000000 0.716152
8164.000000 0.712236
8165.000000 0.708215
8166.000000 0.704017
8167.000000 0.699569
8168.000000 0.694798
8169.000000 0.689633
8170.000000 0.684000
8171.000000 0.677850
8172.000000 0.671225
8173.000000 0.664191
8174.000000 0.656813
8175.000000 0.649157
8176.000000 0.641288
8177.000000 0.633273
8178.000000 0.625176
8179.000000 0.617063
8180.000000 0.609000
8181.000000 0.601030
8182.000000 0.593105
8183.000000 0.585156
8184.000000 0.577113
8185.000000 0.568908
8186.000000 0.560470
8187.000000 0.551730
8188.000000 0.542618
8189.000000 0.533064
8190.000000 0.523000
8191.000000 0.512384
8192.000000 0.501293
8193.000000 0.489830
8194.000000 0.478101
8195.000000 0.466211
8196.000000 0.454263
8197.000000 0.442364
8198.000000 0.430617
8199.000000 0.419128
8200.000000 0.408000
8201.000000 0.397313
8202.000000 0.387036
8203.000000 0.377117
8204.000000 0.367497
8205.000000 0.358124
8206.000000 0.348940
8207.000000 0.339891
8208.000000 0.330922
8209.000000 0.321976
8210.000000 0.313000
8211.000000 0.303949
8212.000000 0.294825
8213.000000 0.285645
8214.000000 0.276421
8215.000000 0.267170
8216.000000 0.257905
8217.000000 0.248640
8218.000000 0.239392
8219.000000 0.230174
8220.000000 0.221000
8221.000000 0.211893
8222.000000 0.202902
8223.000000 0.194085
8224.000000 0.185497
8225.000000 0.177197
8226.000000 0.169242
8227.000000 0.161687
8228.000000 0.154591
8229.000000 0.148009
8230.000000 0.142000
8231.000000 0.136598
8232.000000 0.131750
8233.000000 0.127383
8234.000000 0.123421
8235.000000 0.119791
8236.000000 0.116417
8237.000000 0.113225
8238.000000 0.110142
8239.000000 0.107091
8240.000000 0.104000
8241.000000 0.100810
8242.000000 0.097529
8243.000000 0.094182
8244.000000 0.090794
8245.000000 0.087390
8246.000000 0.083995
8247.000000 0.080634
8248.000000 0.077331
8249.000000 0.074111
8250.000000 0.071000
8251.000000 0.068017
8252.000000 0.065167
8253.000000 0.062447
8254.000000 0.059858
8255.000000 0.057398
8256.000000 0.055066
8257.000000 0.052861
8258.000000 0.050783
8259.000000 0.048829
8260.000000 0.047000
8261.000000 0.045292
8262.000000 0.043692
8263.000000 0.042185
8264.000000 0.040757
8265.000000 0.039393
8266.000000 0.038077
8267.000000 0.036795
8268.000000 0.035531
8269.000000 0.034271
8270.000000 0.033000
8271.000000 0.031707
8272.000000 0.030401
8273.000000 0.029095
8274.000000 0.027800
8275.000000 0.026531
8276.000000 0.025298
8277.000000 0.024117
8278.000000 0.022998
8279.000000 0.021955
8280.000000 0.021000
8281.000000 0.020143
8282.000000 0.019374
8283.000000 0.018683
8284.000000 0.018057
8285.000000 0.017485
8286.000000 0.016953
8287.000000 0.016451
8288.000000 0.015966
8289.000000 0.015487
8290.000000 0.015000
8291.000000 0.014497
8292.000000 0.013981
8293.000000 0.013457
8294.000000 0.012930
8295.000000 0.012405
8296.000000 0.011888
8297.000000 0.011383
8298.000000 0.010897
8299.000000 0.010434
8300.000000 0.010000
8301.000000 0.009599
8302.000000 0.009228
8303.000000 0.008885
8304.000000 0.008567
8305.000000 0.008270
8306.000000 0.007992
8307.000000 0.007729
8308.000000 0.007478
8309.000000 0.007236
8310.000000 0.007000
8311.000000 0.006767
8312.000000 0.006539
8313.000000 0.006316
8314.000000 0.006099
8315.000000 0.005889
8316.000000 0.005689
8317.000000 0.005499
8318.000000 0.005320
8319.000000 0.005153
8320.000000 0.005000
8321.000000 0.004862
8322.000000 0.004736
8323.000000 0.004622
8324.000000 0.004518
8325.000000 0.004422
8326.000000 0.004332
8327.000000 0.004247
8328.000000 0.004164
8329.000000 0.004082
8330.000000 0.004000
8331.000000 0.003915
8332.000000 0.003828
8333.000000 0.003738
8334.000000 0.003644
8335.000000 0.003547
8336.000000 0.003446
8337.000000 0.003342
8338.000000 0.003232
8339.000000 0.003119
8340.000000 0.003000
8341.000000 0.002877
8342.000000 0.002751
8343.000000 0.002626
8344.000000 0.002504
8345.000000 0.002389
8346.000000 0.002282
8347.000000 0.002187
8348.000000 0.002106
8349.000000 0.002043
8350.000000 0.002000
8351.000000 0.001978
8352.000000 0.001975
8353.000000 0.001984
8354.000000 0.002002
8355.000000 0.002023
8356.000000 0.002041
8357.000000 0.002054
8358.000000 0.002054
8359.000000 0.002038
8360.000000 0.002000
8361.000000 0.001937
8362.000000 0.001853
8363.000000 0.001752
8364.000000 0.001640
8365.000000 0.001521
8366.000000 0.001400
8367.000000 0.001283
8368.000000 0.001174
8369.000000 0.001078
8370.000000 0.001000
8371.000000 0.000944
8372.000000 0.000909
8373.000000 0.000890
8374.000000 0.000886
8375.000000 0.000894
8376.000000 0.000910
8377.000000 0.000931
8378.000000 0.000956
8379.000000 0.000979
8380.000000 0.001000
8381.000000 0.001015
8382.000000 0.001024
8383.000000 0.001029
8384.000000 0.001030
8385.000000 0.001028
8386.000000 0.001024
8387.000000 0.001018
8388.000000 0.001012
8389.000000 0.001006
8390.000000 0.001000
8391.000000 0.000996
8392.000000 0.000993
8393.000000 0.000992
8394.000000 0.000992
8395.000000 0.000992
8396.000000 0.000993
8397.000000 0.000995
8398.000000 0.000997
8399.000000 0.000998
8400.000000 0.001000
8401.000000 0.001001
8402.000000 0.001002
8403.000000 0.001002
8404.000000 0.001002
8405.000000 0.001002
8406.000000 0.001002
8407.000000 0.001002
8408.000000 0.001001
8409.000000 0.001001
8410.000000 0.001000
8411.000000 0.001000
8412.000000 0.000999
8413.000000 0.000999
8414.000000 0.000999
8415.000000 0.000999
8416.000000 0.000999
8417.000000 0.000999
8418.000000 0.000999
8419.000000 0.000999
8420.000000 0.001000
8421.000000 0.001001
8422.000000 0.001001
8423.000000 0.001002
8424.000000 0.001003
8425.000000 0.001003
8426.000000 0.001003
8427.000000 0.001003
8428.000000 0.001003
8429.000000 0.001002
8430.000000 0.001000
