# r_p1
# photon
# PS1 r, 1.2 airmass
5290.000000 0.001000
5291.000000 0.001014
5292.000000 0.001024
5293.000000 0.001029
5294.000000 0.001030
5295.000000 0.001029
5296.000000 0.001025
5297.000000 0.001019
5298.000000 0.001013
5299.000000 0.001006
5300.000000 0.001000
5301.000000 0.000995
5302.000000 0.000991
5303.000000 0.000988
5304.000000 0.000986
5305.000000 0.000985
5306.000000 0.000986
5307.000000 0.000987
5308.000000 0.000990
5309.000000 0.000995
5310.000000 0.001000
5311.000000 0.001007
5312.000000 0.001014
5313.000000 0.001020
5314.000000 0.001026
5315.000000 0.001030
5316.000000 0.001032
5317.000000 0.001031
5318.000000 0.001025
5319.000000 0.001015
5320.000000 0.001000
5321.000000 0.000979
5322.000000 0.000955
5323.000000 0.000931
5324.000000 0.000909
5325.000000 0.000894
5326.000000 0.000886
5327.000000 0.000890
5328.000000 0.000909
5329.000000 0.000944
5330.000000 0.001000
5331.000000 0.001078
5332.000000 0.001173
5333.000000 0.001283
5334.000000 0.001400
5335.000000 0.001520
5336.000000 0.001639
5337.000000 0.001752
5338.000000 0.001853
5339.000000 0.001937
5340.000000 0.002000
5341.000000 0.002038
5342.000000 0.002055
5343.000000 0.002055
5344.000000 0.002043
5345.000000 0.002025
5346.000000 0.002004
5347.000000 0.001986
5348.000000 0.001977
5349.000000 0.001979
5350.000000 0.002000
5351.000000 0.002042
5352.000000 0.002103
5353.000000 0.002182
5354.000000 0.002276
5355.000000 0.002381
5356.000000 0.002497
5357.000000 0.002619
5358.000000 0.002745
5359.000000 0.002873
5360.000000 0.003000
5361.000000 0.003124
5362.000000 0.003244
5363.000000 0.003359
5364.000000 0.003470
5365.000000 0.003575
5366.000000 0.003674
5367.000000 0.003766
5368.000000 0.003852
5369.000000 0.003930
5370.000000 0.004000
5371.000000 0.004063
5372.000000 0.004121
5373.000000 0.004181
5374.000000 0.004245
5375.000000 0.004320
5376.000000 0.004409
5377.000000 0.004517
5378.000000 0.004648
5379.000000 0.004808
5380.000000 0.005000
5381.000000 0.005228
5382.000000 0.005487
5383.000000 0.005772
5384.000000 0.006076
5385.000000 0.006395
5386.000000 0.006723
5387.000000 0.007052
5388.000000 0.007379
5389.000000 0.007697
5390.000000 0.008000
5391.000000 0.008285
5392.000000 0.008555
5393.000000 0.008819
5394.000000 0.009081
5395.000000 0.009349
5396.000000 0.009629
5397.000000 0.009927
5398.000000 0.010251
5399.000000 0.010607
5400.000000 0.011000
5401.000000 0.011437
5402.000000 0.011916
5403.000000 0.012435
5404.000000 0.012992
5405.000000 0.013584
5406.000000 0.014210
5407.000000 0.014867
5408.000000 0.015552
5409.000000 0.016264
5410.000000 0.017000
5411.000000 0.017759
5412.000000 0.018542
5413.000000 0.019352
5414.000000 0.020192
5415.000000 0.021064
5416.000000 0.021971
5417.000000 0.022915
5418.000000 0.023900
5419.000000 0.024927
5420.000000 0.026000
5421.000000 0.027121
5422.000000 0.028294
5423.000000 0.029522
5424.000000 0.030810
5425.000000 0.032161
5426.000000 0.033579
5427.000000 0.035068
5428.000000 0.036632
5429.000000 0.038275
5430.000000 0.040000
5431.000000 0.041811
5432.000000 0.043708
5433.000000 0.045691
5434.000000 0.047761
5435.000000 0.049918
5436.000000 0.052161
5437.000000 0.054491
5438.000000 0.056907
5439.000000 0.059410
5440.000000 0.062000
5441.000000 0.064677
5442.000000 0.067443
5443.000000 0.070299
5444.000000 0.073248
5445.000000 0.076292
5446.000000 0.079433
5447.000000 0.082672
5448.000000 0.086011
5449.000000 0.089453
5450.000000 0.093000
5451.000000 0.096652
5452.000000 0.100409
5453.000000 0.104269
5454.000000 0.108229
5455.000000 0.112288
5456.000000 0.116444
5457.000000 0.120695
5458.000000 0.125040
5459.000000 0.129475
5460.000000 0.134000
5461.000000 0.138613
5462.000000 0.143312
5463.000000 0.148099
5464.000000 0.152971
5465.000000 0.157930
5466.000000 0.162974
5467.000000 0.168104
5468.000000 0.173318
5469.000000 0.178617
5470.000000 0.184000
5471.000000 0.189466
5472.000000 0.195014
5473.000000 0.200639
5474.000000 0.206341
5475.000000 0.212116
5476.000000 0.217962
5477.000000 0.223876
5478.000000 0.229855
5479.000000 0.235897
5480.000000 0.242000
5481.000000 0.248160
5482.000000 0.254370
5483.000000 0.260623
5484.000000 0.266912
5485.000000 0.273230
5486.000000 0.279570
5487.000000 0.285924
5488.000000 0.292285
5489.000000 0.298646
5490.000000 0.305000
5491.000000 0.311340
5492.000000 0.317660
5493.000000 0.323957
5494.000000 0.330226
5495.000000 0.336462
5496.000000 0.342662
5497.000000 0.348820
5498.000000 0.354932
5499.000000 0.360993
5500.000000 0.367000
5501.000000 0.372947
5502.000000 0.378830
5503.000000 0.384645
5504.000000 0.390385
5505.000000 0.396046
5506.000000 0.401624
5507.000000 0.407113
5508.000000 0.412508
5509.000000 0.417806
5510.000000 0.423000
5511.000000 0.428087
5512.000000 0.433066
5513.000000 0.437937
5514.000000 0.442700
5515.000000 0.447354
5516.000000 0.451900
5517.000000 0.456338
5518.000000 0.460667
5519.000000 0.464888
5520.000000 0.469000
5521.000000 0.473003
5522.000000 0.476897
5523.000000 0.480680
5524.000000 0.484352
5525.000000 0.487912
5526.000000 0.491359
5527.000000 0.494692
5528.000000 0.497911
5529.000000 0.501014
5530.000000 0.504000
5531.000000 0.506870
5532.000000 0.509626
5533.000000 0.512272
5534.000000 0.514811
5535.000000 0.517246
5536.000000 0.519582
5537.000000 0.521822
5538.000000 0.523970
5539.000000 0.526028
5540.000000 0.528000
5541.000000 0.529890
5542.000000 0.531704
5543.000000 0.533444
5544.000000 0.535117
5545.000000 0.536727
5546.000000 0.538279
5547.000000 0.539777
5548.000000 0.541227
5549.000000 0.542633
5550.000000 0.544000
5551.000000 0.545332
5552.000000 0.546632
5553.000000 0.547899
5554.000000 0.549137
5555.000000 0.550346
5556.000000 0.551526
5557.000000 0.552681
5558.000000 0.553811
5559.000000 0.554917
5560.000000 0.556000
5561.000000 0.557061
5562.000000 0.558098
5563.000000 0.559105
5564.000000 0.560079
5565.000000 0.561016
5566.000000 0.561911
5567.000000 0.562762
5568.000000 0.563562
5569.000000 0.564310
5570.000000 0.565000
5571.000000 0.565631
5572.000000 0.566209
5573.000000 0.566743
5574.000000 0.567243
5575.000000 0.567716
5576.000000 0.568172
5577.000000 0.568620
5578.000000 0.569068
5579.000000 0.569525
5580.000000 0.570000
5581.000000 0.570499
5582.000000 0.571018
5583.000000 0.571549
5584.000000 0.572086
5585.000000 0.572619
5586.000000 0.573144
5587.000000 0.573651
5588.000000 0.574135
5589.000000 0.574587
5590.000000 0.575000
5591.000000 0.575370
5592.000000 0.575702
5593.000000 0.576005
5594.000000 0.576287
5595.000000 0.576556
5596.000000 0.576820
5597.000000 0.577089
5598.000000 0.577369
5599.000000 0.577670
5600.000000 0.578000
5601.000000 0.578364
5602.000000 0.578757
5603.000000 0.579171
5604.000000 0.579599
5605.000000 0.580032
5606.000000 0.580462
5607.000000 0.580882
5608.000000 0.581284
5609.000000 0.581659
5610.000000 0.582000
5611.000000 0.582301
5612.000000 0.582565
5613.000000 0.582798
5614.000000 0.583005
5615.000000 0.583191
5616.000000 0.583362
5617.000000 0.583523
5618.000000 0.583679
5619.000000 0.583836
5620.000000 0.584000
5621.000000 0.584174
5622.000000 0.584358
5623.000000 0.584551
5624.000000 0.584750
5625.000000 0.584954
5626.000000 0.585163
5627.000000 0.585373
5628.000000 0.585584
5629.000000 0.585793
5630.000000 0.586000
5631.000000 0.586203
5632.000000 0.586403
5633.000000 0.586600
5634.000000 0.586796
5635.000000 0.586992
5636.000000 0.587188
5637.000000 0.587386
5638.000000 0.587587
5639.000000 0.587791
5640.000000 0.588000
5641.000000 0.588214
5642.000000 0.588431
5643.000000 0.588650
5644.000000 0.588866
5645.000000 0.589079
5646.000000 0.589286
5647.000000 0.589483
5648.000000 0.589670
5649.000000 0.589843
5650.000000 0.590000
5651.000000 0.590140
5652.000000 0.590264
5653.000000 0.590374
5654.000000 0.590475
5655.000000 0.590567
5656.000000 0.590654
5657.000000 0.590738
5658.000000 0.590822
5659.000000 0.590909
5660.000000 0.591000
5661.000000 0.591098
5662.000000 0.591202
5663.000000 0.591310
5664.000000 0.591419
5665.000000 0.591528
5666.000000 0.591635
5667.000000 0.591737
5668.000000 0.591834
5669.000000 0.591922
5670.000000 0.592000
5671.000000 0.592066
5672.000000 0.592119
5673.000000 0.592159
5674.000000 0.592185
5675.000000 0.592195
5676.000000 0.592190
5677.000000 0.592169
5678.000000 0.592131
5679.000000 0.592075
5680.000000 0.592000
5681.000000 0.591907
5682.000000 0.591800
5683.000000 0.591683
5684.000000 0.591562
5685.000000 0.591440
5686.000000 0.591324
5687.000000 0.591216
5688.000000 0.591124
5689.000000 0.591050
5690.000000 0.591000
5691.000000 0.590977
5692.000000 0.590976
5693.000000 0.590991
5694.000000 0.591016
5695.000000 0.591043
5696.000000 0.591067
5697.000000 0.591082
5698.000000 0.591079
5699.000000 0.591054
5700.000000 0.591000
5701.000000 0.590912
5702.000000 0.590791
5703.000000 0.590640
5704.000000 0.590462
5705.000000 0.590261
5706.000000 0.590039
5707.000000 0.589798
5708.000000 0.589543
5709.000000 0.589276
5710.000000 0.589000
5711.000000 0.588717
5712.000000 0.588429
5713.000000 0.588136
5714.000000 0.587839
5715.000000 0.587538
5716.000000 0.587234
5717.000000 0.586928
5718.000000 0.586619
5719.000000 0.586310
5720.000000 0.586000
5721.000000 0.585690
5722.000000 0.585381
5723.000000 0.585072
5724.000000 0.584766
5725.000000 0.584462
5726.000000 0.584161
5727.000000 0.583864
5728.000000 0.583571
5729.000000 0.583283
5730.000000 0.583000
5731.000000 0.582724
5732.000000 0.582457
5733.000000 0.582201
5734.000000 0.581961
5735.000000 0.581739
5736.000000 0.581538
5737.000000 0.581360
5738.000000 0.581209
5739.000000 0.581088
5740.000000 0.581000
5741.000000 0.580947
5742.000000 0.580929
5743.000000 0.580946
5744.000000 0.580997
5745.000000 0.581082
5746.000000 0.581201
5747.000000 0.581352
5748.000000 0.581536
5749.000000 0.581752
5750.000000 0.582000
5751.000000 0.582279
5752.000000 0.582588
5753.000000 0.582925
5754.000000 0.583291
5755.000000 0.583683
5756.000000 0.584100
5757.000000 0.584542
5758.000000 0.585006
5759.000000 0.585493
5760.000000 0.586000
5761.000000 0.586527
5762.000000 0.587072
5763.000000 0.587636
5764.000000 0.588216
5765.000000 0.588812
5766.000000 0.589423
5767.000000 0.590048
5768.000000 0.590687
5769.000000 0.591338
5770.000000 0.592000
5771.000000 0.592673
5772.000000 0.593355
5773.000000 0.594045
5774.000000 0.594743
5775.000000 0.595445
5776.000000 0.596153
5777.000000 0.596863
5778.000000 0.597575
5779.000000 0.598288
5780.000000 0.599000
5781.000000 0.599711
5782.000000 0.600419
5783.000000 0.601126
5784.000000 0.601830
5785.000000 0.602532
5786.000000 0.603231
5787.000000 0.603928
5788.000000 0.604622
5789.000000 0.605312
5790.000000 0.606000
5791.000000 0.606684
5792.000000 0.607360
5793.000000 0.608025
5794.000000 0.608673
5795.000000 0.609302
5796.000000 0.609907
5797.000000 0.610483
5798.000000 0.611027
5799.000000 0.611534
5800.000000 0.612000
5801.000000 0.612422
5802.000000 0.612805
5803.000000 0.613152
5804.000000 0.613468
5805.000000 0.613759
5806.000000 0.614029
5807.000000 0.614283
5808.000000 0.614527
5809.000000 0.614764
5810.000000 0.615000
5811.000000 0.615238
5812.000000 0.615477
5813.000000 0.615713
5814.000000 0.615942
5815.000000 0.616162
5816.000000 0.616369
5817.000000 0.616560
5818.000000 0.616730
5819.000000 0.616878
5820.000000 0.617000
5821.000000 0.617093
5822.000000 0.617159
5823.000000 0.617200
5824.000000 0.617218
5825.000000 0.617217
5826.000000 0.617199
5827.000000 0.617165
5828.000000 0.617119
5829.000000 0.617064
5830.000000 0.617000
5831.000000 0.616931
5832.000000 0.616856
5833.000000 0.616775
5834.000000 0.616688
5835.000000 0.616594
5836.000000 0.616492
5837.000000 0.616382
5838.000000 0.616264
5839.000000 0.616137
5840.000000 0.616000
5841.000000 0.615854
5842.000000 0.615697
5843.000000 0.615529
5844.000000 0.615350
5845.000000 0.615158
5846.000000 0.614954
5847.000000 0.614737
5848.000000 0.614506
5849.000000 0.614260
5850.000000 0.614000
5851.000000 0.613725
5852.000000 0.613437
5853.000000 0.613139
5854.000000 0.612833
5855.000000 0.612524
5856.000000 0.612212
5857.000000 0.611901
5858.000000 0.611593
5859.000000 0.611292
5860.000000 0.611000
5861.000000 0.610719
5862.000000 0.610452
5863.000000 0.610200
5864.000000 0.609964
5865.000000 0.609747
5866.000000 0.609551
5867.000000 0.609376
5868.000000 0.609225
5869.000000 0.609099
5870.000000 0.609000
5871.000000 0.608929
5872.000000 0.608883
5873.000000 0.608859
5874.000000 0.608853
5875.000000 0.608862
5876.000000 0.608881
5877.000000 0.608908
5878.000000 0.608940
5879.000000 0.608971
5880.000000 0.609000
5881.000000 0.609024
5882.000000 0.609047
5883.000000 0.609077
5884.000000 0.609120
5885.000000 0.609181
5886.000000 0.609268
5887.000000 0.609387
5888.000000 0.609545
5889.000000 0.609747
5890.000000 0.610000
5891.000000 0.610309
5892.000000 0.610672
5893.000000 0.611083
5894.000000 0.611540
5895.000000 0.612038
5896.000000 0.612573
5897.000000 0.613141
5898.000000 0.613738
5899.000000 0.614359
5900.000000 0.615000
5901.000000 0.615657
5902.000000 0.616323
5903.000000 0.616989
5904.000000 0.617647
5905.000000 0.618290
5906.000000 0.618910
5907.000000 0.619499
5908.000000 0.620049
5909.000000 0.620552
5910.000000 0.621000
5911.000000 0.621388
5912.000000 0.621718
5913.000000 0.621997
5914.000000 0.622231
5915.000000 0.622425
5916.000000 0.622585
5917.000000 0.622717
5918.000000 0.622826
5919.000000 0.622919
5920.000000 0.623000
5921.000000 0.623075
5922.000000 0.623141
5923.000000 0.623196
5924.000000 0.623236
5925.000000 0.623259
5926.000000 0.623261
5927.000000 0.623239
5928.000000 0.623190
5929.000000 0.623112
5930.000000 0.623000
5931.000000 0.622854
5932.000000 0.622678
5933.000000 0.622479
5934.000000 0.622264
5935.000000 0.622040
5936.000000 0.621812
5937.000000 0.621587
5938.000000 0.621373
5939.000000 0.621175
5940.000000 0.621000
5941.000000 0.620854
5942.000000 0.620739
5943.000000 0.620655
5944.000000 0.620602
5945.000000 0.620583
5946.000000 0.620597
5947.000000 0.620644
5948.000000 0.620727
5949.000000 0.620845
5950.000000 0.621000
5951.000000 0.621191
5952.000000 0.621415
5953.000000 0.621670
5954.000000 0.621950
5955.000000 0.622255
5956.000000 0.622578
5957.000000 0.622918
5958.000000 0.623271
5959.000000 0.623632
5960.000000 0.624000
5961.000000 0.624371
5962.000000 0.624745
5963.000000 0.625123
5964.000000 0.625508
5965.000000 0.625899
5966.000000 0.626299
5967.000000 0.626707
5968.000000 0.627126
5969.000000 0.627557
5970.000000 0.628000
5971.000000 0.628457
5972.000000 0.628926
5973.000000 0.629407
5974.000000 0.629898
5975.000000 0.630399
5976.000000 0.630907
5977.000000 0.631423
5978.000000 0.631944
5979.000000 0.632470
5980.000000 0.633000
5981.000000 0.633532
5982.000000 0.634063
5983.000000 0.634592
5984.000000 0.635116
5985.000000 0.635631
5986.000000 0.636136
5987.000000 0.636628
5988.000000 0.637105
5989.000000 0.637563
5990.000000 0.638000
5991.000000 0.638414
5992.000000 0.638804
5993.000000 0.639170
5994.000000 0.639511
5995.000000 0.639826
5996.000000 0.640115
5997.000000 0.640377
5998.000000 0.640613
5999.000000 0.640820
6000.000000 0.641000
6001.000000 0.641152
6002.000000 0.641279
6003.000000 0.641388
6004.000000 0.641482
6005.000000 0.641565
6006.000000 0.641644
6007.000000 0.641722
6008.000000 0.641804
6009.000000 0.641895
6010.000000 0.642000
6011.000000 0.642122
6012.000000 0.642262
6013.000000 0.642420
6014.000000 0.642595
6015.000000 0.642787
6016.000000 0.642997
6017.000000 0.643223
6018.000000 0.643466
6019.000000 0.643725
6020.000000 0.644000
6021.000000 0.644290
6022.000000 0.644593
6023.000000 0.644904
6024.000000 0.645219
6025.000000 0.645535
6026.000000 0.645849
6027.000000 0.646156
6028.000000 0.646452
6029.000000 0.646735
6030.000000 0.647000
6031.000000 0.647245
6032.000000 0.647471
6033.000000 0.647682
6034.000000 0.647881
6035.000000 0.648071
6036.000000 0.648256
6037.000000 0.648438
6038.000000 0.648620
6039.000000 0.648807
6040.000000 0.649000
6041.000000 0.649202
6042.000000 0.649412
6043.000000 0.649626
6044.000000 0.649841
6045.000000 0.650055
6046.000000 0.650264
6047.000000 0.650467
6048.000000 0.650658
6049.000000 0.650837
6050.000000 0.651000
6051.000000 0.651145
6052.000000 0.651273
6053.000000 0.651387
6054.000000 0.651490
6055.000000 0.651584
6056.000000 0.651671
6057.000000 0.651753
6058.000000 0.651834
6059.000000 0.651916
6060.000000 0.652000
6061.000000 0.652089
6062.000000 0.652183
6063.000000 0.652281
6064.000000 0.652382
6065.000000 0.652485
6066.000000 0.652589
6067.000000 0.652693
6068.000000 0.652797
6069.000000 0.652900
6070.000000 0.653000
6071.000000 0.653098
6072.000000 0.653193
6073.000000 0.653288
6074.000000 0.653382
6075.000000 0.653477
6076.000000 0.653574
6077.000000 0.653674
6078.000000 0.653778
6079.000000 0.653886
6080.000000 0.654000
6081.000000 0.654120
6082.000000 0.654244
6083.000000 0.654368
6084.000000 0.654490
6085.000000 0.654607
6086.000000 0.654715
6087.000000 0.654811
6088.000000 0.654893
6089.000000 0.654957
6090.000000 0.655000
6091.000000 0.655021
6092.000000 0.655023
6093.000000 0.655012
6094.000000 0.654993
6095.000000 0.654971
6096.000000 0.654951
6097.000000 0.654939
6098.000000 0.654940
6099.000000 0.654958
6100.000000 0.655000
6101.000000 0.655068
6102.000000 0.655159
6103.000000 0.655267
6104.000000 0.655385
6105.000000 0.655509
6106.000000 0.655632
6107.000000 0.655748
6108.000000 0.655852
6109.000000 0.655938
6110.000000 0.656000
6111.000000 0.656034
6112.000000 0.656044
6113.000000 0.656037
6114.000000 0.656018
6115.000000 0.655993
6116.000000 0.655969
6117.000000 0.655952
6118.000000 0.655947
6119.000000 0.655961
6120.000000 0.656000
6121.000000 0.656068
6122.000000 0.656160
6123.000000 0.656271
6124.000000 0.656392
6125.000000 0.656519
6126.000000 0.656644
6127.000000 0.656762
6128.000000 0.656864
6129.000000 0.656946
6130.000000 0.657000
6131.000000 0.657021
6132.000000 0.657011
6133.000000 0.656970
6134.000000 0.656901
6135.000000 0.656805
6136.000000 0.656686
6137.000000 0.656543
6138.000000 0.656380
6139.000000 0.656198
6140.000000 0.656000
6141.000000 0.655786
6142.000000 0.655556
6143.000000 0.655309
6144.000000 0.655044
6145.000000 0.654759
6146.000000 0.654454
6147.000000 0.654126
6148.000000 0.653775
6149.000000 0.653400
6150.000000 0.653000
6151.000000 0.652574
6152.000000 0.652123
6153.000000 0.651652
6154.000000 0.651163
6155.000000 0.650658
6156.000000 0.650140
6157.000000 0.649613
6158.000000 0.649078
6159.000000 0.648540
6160.000000 0.648000
6161.000000 0.647461
6162.000000 0.646926
6163.000000 0.646396
6164.000000 0.645874
6165.000000 0.645360
6166.000000 0.644858
6167.000000 0.644369
6168.000000 0.643895
6169.000000 0.643438
6170.000000 0.643000
6171.000000 0.642583
6172.000000 0.642188
6173.000000 0.641817
6174.000000 0.641471
6175.000000 0.641151
6176.000000 0.640860
6177.000000 0.640597
6178.000000 0.640366
6179.000000 0.640166
6180.000000 0.640000
6181.000000 0.639868
6182.000000 0.639770
6183.000000 0.639703
6184.000000 0.639667
6185.000000 0.639659
6186.000000 0.639679
6187.000000 0.639724
6188.000000 0.639794
6189.000000 0.639886
6190.000000 0.640000
6191.000000 0.640133
6192.000000 0.640285
6193.000000 0.640454
6194.000000 0.640639
6195.000000 0.640838
6196.000000 0.641049
6197.000000 0.641273
6198.000000 0.641507
6199.000000 0.641750
6200.000000 0.642000
6201.000000 0.642257
6202.000000 0.642521
6203.000000 0.642793
6204.000000 0.643075
6205.000000 0.643366
6206.000000 0.643667
6207.000000 0.643981
6208.000000 0.644307
6209.000000 0.644646
6210.000000 0.645000
6211.000000 0.645367
6212.000000 0.645742
6213.000000 0.646115
6214.000000 0.646479
6215.000000 0.646825
6216.000000 0.647145
6217.000000 0.647430
6218.000000 0.647674
6219.000000 0.647866
6220.000000 0.648000
6221.000000 0.648069
6222.000000 0.648079
6223.000000 0.648038
6224.000000 0.647954
6225.000000 0.647835
6226.000000 0.647690
6227.000000 0.647525
6228.000000 0.647350
6229.000000 0.647172
6230.000000 0.647000
6231.000000 0.646840
6232.000000 0.646693
6233.000000 0.646560
6234.000000 0.646440
6235.000000 0.646333
6236.000000 0.646240
6237.000000 0.646160
6238.000000 0.646094
6239.000000 0.646040
6240.000000 0.646000
6241.000000 0.645973
6242.000000 0.645956
6243.000000 0.645950
6244.000000 0.645950
6245.000000 0.645956
6246.000000 0.645966
6247.000000 0.645977
6248.000000 0.645987
6249.000000 0.645996
6250.000000 0.646000
6251.000000 0.646001
6252.000000 0.646009
6253.000000 0.646039
6254.000000 0.646104
6255.000000 0.646217
6256.000000 0.646394
6257.000000 0.646646
6258.000000 0.646989
6259.000000 0.647436
6260.000000 0.648000
6261.000000 0.648684
6262.000000 0.649447
6263.000000 0.650235
6264.000000 0.650995
6265.000000 0.651674
6266.000000 0.652219
6267.000000 0.652578
6268.000000 0.652696
6269.000000 0.652521
6270.000000 0.652000
6271.000000 0.651105
6272.000000 0.649907
6273.000000 0.648503
6274.000000 0.646989
6275.000000 0.645461
6276.000000 0.644017
6277.000000 0.642752
6278.000000 0.641764
6279.000000 0.641147
6280.000000 0.641000
6281.000000 0.641387
6282.000000 0.642246
6283.000000 0.643485
6284.000000 0.645011
6285.000000 0.646731
6286.000000 0.648553
6287.000000 0.650383
6288.000000 0.652130
6289.000000 0.653700
6290.000000 0.655000
6291.000000 0.655962
6292.000000 0.656615
6293.000000 0.657010
6294.000000 0.657201
6295.000000 0.657240
6296.000000 0.657180
6297.000000 0.657073
6298.000000 0.656973
6299.000000 0.656931
6300.000000 0.657000
6301.000000 0.657220
6302.000000 0.657576
6303.000000 0.658040
6304.000000 0.658585
6305.000000 0.659183
6306.000000 0.659807
6307.000000 0.660428
6308.000000 0.661019
6309.000000 0.661552
6310.000000 0.662000
6311.000000 0.662341
6312.000000 0.662579
6313.000000 0.662724
6314.000000 0.662787
6315.000000 0.662777
6316.000000 0.662705
6317.000000 0.662582
6318.000000 0.662416
6319.000000 0.662219
6320.000000 0.662000
6321.000000 0.661769
6322.000000 0.661532
6323.000000 0.661294
6324.000000 0.661059
6325.000000 0.660833
6326.000000 0.660620
6327.000000 0.660425
6328.000000 0.660254
6329.000000 0.660110
6330.000000 0.660000
6331.000000 0.659926
6332.000000 0.659884
6333.000000 0.659868
6334.000000 0.659873
6335.000000 0.659892
6336.000000 0.659920
6337.000000 0.659951
6338.000000 0.659978
6339.000000 0.659996
6340.000000 0.660000
6341.000000 0.659985
6342.000000 0.659956
6343.000000 0.659919
6344.000000 0.659881
6345.000000 0.659848
6346.000000 0.659828
6347.000000 0.659827
6348.000000 0.659850
6349.000000 0.659906
6350.000000 0.660000
6351.000000 0.660138
6352.000000 0.660318
6353.000000 0.660538
6354.000000 0.660796
6355.000000 0.661089
6356.000000 0.661415
6357.000000 0.661772
6358.000000 0.662156
6359.000000 0.662567
6360.000000 0.663000
6361.000000 0.663454
6362.000000 0.663926
6363.000000 0.664413
6364.000000 0.664912
6365.000000 0.665420
6366.000000 0.665935
6367.000000 0.666453
6368.000000 0.666972
6369.000000 0.667489
6370.000000 0.668000
6371.000000 0.668504
6372.000000 0.669002
6373.000000 0.669496
6374.000000 0.669988
6375.000000 0.670479
6376.000000 0.670972
6377.000000 0.671469
6378.000000 0.671971
6379.000000 0.672481
6380.000000 0.673000
6381.000000 0.673529
6382.000000 0.674065
6383.000000 0.674603
6384.000000 0.675137
6385.000000 0.675663
6386.000000 0.676176
6387.000000 0.676671
6388.000000 0.677143
6389.000000 0.677588
6390.000000 0.678000
6391.000000 0.678376
6392.000000 0.678721
6393.000000 0.679039
6394.000000 0.679336
6395.000000 0.679619
6396.000000 0.679891
6397.000000 0.680160
6398.000000 0.680431
6399.000000 0.680709
6400.000000 0.681000
6401.000000 0.681308
6402.000000 0.681628
6403.000000 0.681956
6404.000000 0.682286
6405.000000 0.682613
6406.000000 0.682930
6407.000000 0.683233
6408.000000 0.683516
6409.000000 0.683773
6410.000000 0.684000
6411.000000 0.684192
6412.000000 0.684351
6413.000000 0.684483
6414.000000 0.684592
6415.000000 0.684681
6416.000000 0.684757
6417.000000 0.684822
6418.000000 0.684881
6419.000000 0.684939
6420.000000 0.685000
6421.000000 0.685068
6422.000000 0.685143
6423.000000 0.685225
6424.000000 0.685315
6425.000000 0.685412
6426.000000 0.685516
6427.000000 0.685627
6428.000000 0.685744
6429.000000 0.685869
6430.000000 0.686000
6431.000000 0.686137
6432.000000 0.686277
6433.000000 0.686415
6434.000000 0.686547
6435.000000 0.686671
6436.000000 0.686780
6437.000000 0.686872
6438.000000 0.686942
6439.000000 0.686986
6440.000000 0.687000
6441.000000 0.686982
6442.000000 0.686934
6443.000000 0.686861
6444.000000 0.686767
6445.000000 0.686656
6446.000000 0.686533
6447.000000 0.686401
6448.000000 0.686266
6449.000000 0.686130
6450.000000 0.686000
6451.000000 0.685878
6452.000000 0.685763
6453.000000 0.685655
6454.000000 0.685553
6455.000000 0.685456
6456.000000 0.685362
6457.000000 0.685270
6458.000000 0.685180
6459.000000 0.685091
6460.000000 0.685000
6461.000000 0.684908
6462.000000 0.684814
6463.000000 0.684718
6464.000000 0.684620
6465.000000 0.684521
6466.000000 0.684420
6467.000000 0.684318
6468.000000 0.684213
6469.000000 0.684107
6470.000000 0.684000
6471.000000 0.683891
6472.000000 0.683782
6473.000000 0.683673
6474.000000 0.683565
6475.000000 0.683460
6476.000000 0.683358
6477.000000 0.683260
6478.000000 0.683167
6479.000000 0.683080
6480.000000 0.683000
6481.000000 0.682928
6482.000000 0.682867
6483.000000 0.682818
6484.000000 0.682783
6485.000000 0.682765
6486.000000 0.682766
6487.000000 0.682787
6488.000000 0.682832
6489.000000 0.682902
6490.000000 0.683000
6491.000000 0.683126
6492.000000 0.683279
6493.000000 0.683454
6494.000000 0.683647
6495.000000 0.683856
6496.000000 0.684076
6497.000000 0.684304
6498.000000 0.684537
6499.000000 0.684770
6500.000000 0.685000
6501.000000 0.685223
6502.000000 0.685434
6503.000000 0.685627
6504.000000 0.685797
6505.000000 0.685937
6506.000000 0.686042
6507.000000 0.686107
6508.000000 0.686125
6509.000000 0.686091
6510.000000 0.686000
6511.000000 0.685849
6512.000000 0.685648
6513.000000 0.685414
6514.000000 0.685158
6515.000000 0.684897
6516.000000 0.684644
6517.000000 0.684413
6518.000000 0.684219
6519.000000 0.684077
6520.000000 0.684000
6521.000000 0.683999
6522.000000 0.684068
6523.000000 0.684198
6524.000000 0.684379
6525.000000 0.684601
6526.000000 0.684855
6527.000000 0.685132
6528.000000 0.685421
6529.000000 0.685714
6530.000000 0.686000
6531.000000 0.686271
6532.000000 0.686520
6533.000000 0.686741
6534.000000 0.686927
6535.000000 0.687074
6536.000000 0.687175
6537.000000 0.687225
6538.000000 0.687216
6539.000000 0.687143
6540.000000 0.687000
6541.000000 0.686785
6542.000000 0.686509
6543.000000 0.686189
6544.000000 0.685840
6545.000000 0.685476
6546.000000 0.685115
6547.000000 0.684771
6548.000000 0.684460
6549.000000 0.684198
6550.000000 0.684000
6551.000000 0.683877
6552.000000 0.683819
6553.000000 0.683812
6554.000000 0.683842
6555.000000 0.683895
6556.000000 0.683957
6557.000000 0.684012
6558.000000 0.684047
6559.000000 0.684048
6560.000000 0.684000
6561.000000 0.683893
6562.000000 0.683735
6563.000000 0.683537
6564.000000 0.683311
6565.000000 0.683067
6566.000000 0.682819
6567.000000 0.682576
6568.000000 0.682351
6569.000000 0.682155
6570.000000 0.682000
6571.000000 0.681894
6572.000000 0.681832
6573.000000 0.681807
6574.000000 0.681811
6575.000000 0.681835
6576.000000 0.681873
6577.000000 0.681916
6578.000000 0.681957
6579.000000 0.681988
6580.000000 0.682000
6581.000000 0.681988
6582.000000 0.681952
6583.000000 0.681894
6584.000000 0.681815
6585.000000 0.681717
6586.000000 0.681601
6587.000000 0.681470
6588.000000 0.681325
6589.000000 0.681168
6590.000000 0.681000
6591.000000 0.680823
6592.000000 0.680639
6593.000000 0.680447
6594.000000 0.680250
6595.000000 0.680048
6596.000000 0.679842
6597.000000 0.679633
6598.000000 0.679423
6599.000000 0.679211
6600.000000 0.679000
6601.000000 0.678790
6602.000000 0.678581
6603.000000 0.678374
6604.000000 0.678170
6605.000000 0.677967
6606.000000 0.677767
6607.000000 0.677570
6608.000000 0.677377
6609.000000 0.677186
6610.000000 0.677000
6611.000000 0.676817
6612.000000 0.676636
6613.000000 0.676455
6614.000000 0.676272
6615.000000 0.676083
6616.000000 0.675889
6617.000000 0.675685
6618.000000 0.675471
6619.000000 0.675243
6620.000000 0.675000
6621.000000 0.674740
6622.000000 0.674466
6623.000000 0.674178
6624.000000 0.673880
6625.000000 0.673574
6626.000000 0.673262
6627.000000 0.672946
6628.000000 0.672629
6629.000000 0.672313
6630.000000 0.672000
6631.000000 0.671692
6632.000000 0.671389
6633.000000 0.671089
6634.000000 0.670792
6635.000000 0.670496
6636.000000 0.670200
6637.000000 0.669904
6638.000000 0.669606
6639.000000 0.669305
6640.000000 0.669000
6641.000000 0.668691
6642.000000 0.668378
6643.000000 0.668065
6644.000000 0.667752
6645.000000 0.667442
6646.000000 0.667136
6647.000000 0.666838
6648.000000 0.666547
6649.000000 0.666267
6650.000000 0.666000
6651.000000 0.665746
6652.000000 0.665506
6653.000000 0.665279
6654.000000 0.665065
6655.000000 0.664862
6656.000000 0.664670
6657.000000 0.664488
6658.000000 0.664317
6659.000000 0.664154
6660.000000 0.664000
6661.000000 0.663854
6662.000000 0.663716
6663.000000 0.663588
6664.000000 0.663469
6665.000000 0.663361
6666.000000 0.663264
6667.000000 0.663179
6668.000000 0.663106
6669.000000 0.663046
6670.000000 0.663000
6671.000000 0.662968
6672.000000 0.662948
6673.000000 0.662939
6674.000000 0.662939
6675.000000 0.662944
6676.000000 0.662954
6677.000000 0.662967
6678.000000 0.662980
6679.000000 0.662992
6680.000000 0.663000
6681.000000 0.663003
6682.000000 0.663002
6683.000000 0.662998
6684.000000 0.662993
6685.000000 0.662987
6686.000000 0.662982
6687.000000 0.662980
6688.000000 0.662981
6689.000000 0.662987
6690.000000 0.663000
6691.000000 0.663019
6692.000000 0.663043
6693.000000 0.663068
6694.000000 0.663090
6695.000000 0.663108
6696.000000 0.663116
6697.000000 0.663113
6698.000000 0.663095
6699.000000 0.663058
6700.000000 0.663000
6701.000000 0.662918
6702.000000 0.662818
6703.000000 0.662704
6704.000000 0.662582
6705.000000 0.662457
6706.000000 0.662336
6707.000000 0.662225
6708.000000 0.662128
6709.000000 0.662051
6710.000000 0.662000
6711.000000 0.661979
6712.000000 0.661982
6713.000000 0.662002
6714.000000 0.662031
6715.000000 0.662063
6716.000000 0.662090
6717.000000 0.662104
6718.000000 0.662099
6719.000000 0.662067
6720.000000 0.662000
6721.000000 0.661894
6722.000000 0.661751
6723.000000 0.661579
6724.000000 0.661381
6725.000000 0.661165
6726.000000 0.660936
6727.000000 0.660699
6728.000000 0.660460
6729.000000 0.660225
6730.000000 0.660000
6731.000000 0.659789
6732.000000 0.659589
6733.000000 0.659398
6734.000000 0.659211
6735.000000 0.659026
6736.000000 0.658839
6737.000000 0.658647
6738.000000 0.658445
6739.000000 0.658230
6740.000000 0.658000
6741.000000 0.657751
6742.000000 0.657485
6743.000000 0.657203
6744.000000 0.656909
6745.000000 0.656604
6746.000000 0.656291
6747.000000 0.655972
6748.000000 0.655649
6749.000000 0.655324
6750.000000 0.655000
6751.000000 0.654678
6752.000000 0.654360
6753.000000 0.654046
6754.000000 0.653736
6755.000000 0.653431
6756.000000 0.653132
6757.000000 0.652839
6758.000000 0.652552
6759.000000 0.652272
6760.000000 0.652000
6761.000000 0.651735
6762.000000 0.651474
6763.000000 0.651212
6764.000000 0.650946
6765.000000 0.650670
6766.000000 0.650381
6767.000000 0.650073
6768.000000 0.649744
6769.000000 0.649387
6770.000000 0.649000
6771.000000 0.648579
6772.000000 0.648127
6773.000000 0.647650
6774.000000 0.647152
6775.000000 0.646638
6776.000000 0.646113
6777.000000 0.645582
6778.000000 0.645049
6779.000000 0.644521
6780.000000 0.644000
6781.000000 0.643491
6782.000000 0.642993
6783.000000 0.642502
6784.000000 0.642014
6785.000000 0.641528
6786.000000 0.641039
6787.000000 0.640545
6788.000000 0.640043
6789.000000 0.639529
6790.000000 0.639000
6791.000000 0.638454
6792.000000 0.637893
6793.000000 0.637316
6794.000000 0.636727
6795.000000 0.636126
6796.000000 0.635515
6797.000000 0.634895
6798.000000 0.634268
6799.000000 0.633636
6800.000000 0.633000
6801.000000 0.632361
6802.000000 0.631716
6803.000000 0.631063
6804.000000 0.630398
6805.000000 0.629719
6806.000000 0.629022
6807.000000 0.628305
6808.000000 0.627564
6809.000000 0.626797
6810.000000 0.626000
6811.000000 0.625172
6812.000000 0.624316
6813.000000 0.623436
6814.000000 0.622537
6815.000000 0.621624
6816.000000 0.620701
6817.000000 0.619772
6818.000000 0.618843
6819.000000 0.617917
6820.000000 0.617000
6821.000000 0.616094
6822.000000 0.615198
6823.000000 0.614308
6824.000000 0.613422
6825.000000 0.612536
6826.000000 0.611647
6827.000000 0.610752
6828.000000 0.609848
6829.000000 0.608932
6830.000000 0.608000
6831.000000 0.607048
6832.000000 0.606061
6833.000000 0.605023
6834.000000 0.603919
6835.000000 0.602732
6836.000000 0.601447
6837.000000 0.600047
6838.000000 0.598517
6839.000000 0.596840
6840.000000 0.595000
6841.000000 0.592997
6842.000000 0.590888
6843.000000 0.588747
6844.000000 0.586647
6845.000000 0.584660
6846.000000 0.582861
6847.000000 0.581323
6848.000000 0.580117
6849.000000 0.579319
6850.000000 0.579000
6851.000000 0.579172
6852.000000 0.579596
6853.000000 0.579972
6854.000000 0.579999
6855.000000 0.579377
6856.000000 0.577804
6857.000000 0.574981
6858.000000 0.570606
6859.000000 0.564379
6860.000000 0.556000
6861.000000 0.545307
6862.000000 0.532696
6863.000000 0.518702
6864.000000 0.503861
6865.000000 0.488708
6866.000000 0.473779
6867.000000 0.459608
6868.000000 0.446731
6869.000000 0.435683
6870.000000 0.427000
6871.000000 0.421057
6872.000000 0.417589
6873.000000 0.416171
6874.000000 0.416380
6875.000000 0.417790
6876.000000 0.419976
6877.000000 0.422515
6878.000000 0.424982
6879.000000 0.426952
6880.000000 0.428000
6881.000000 0.427799
6882.000000 0.426406
6883.000000 0.423978
6884.000000 0.420668
6885.000000 0.416633
6886.000000 0.412027
6887.000000 0.407006
6888.000000 0.401724
6889.000000 0.396337
6890.000000 0.391000
6891.000000 0.385839
6892.000000 0.380867
6893.000000 0.376069
6894.000000 0.371428
6895.000000 0.366928
6896.000000 0.362554
6897.000000 0.358290
6898.000000 0.354121
6899.000000 0.350029
6900.000000 0.346000
6901.000000 0.342017
6902.000000 0.338061
6903.000000 0.334111
6904.000000 0.330149
6905.000000 0.326155
6906.000000 0.322108
6907.000000 0.317989
6908.000000 0.313777
6909.000000 0.309454
6910.000000 0.305000
6911.000000 0.300400
6912.000000 0.295666
6913.000000 0.290815
6914.000000 0.285863
6915.000000 0.280828
6916.000000 0.275727
6917.000000 0.270576
6918.000000 0.265394
6919.000000 0.260196
6920.000000 0.255000
6921.000000 0.249820
6922.000000 0.244659
6923.000000 0.239515
6924.000000 0.234390
6925.000000 0.229283
6926.000000 0.224193
6927.000000 0.219120
6928.000000 0.214063
6929.000000 0.209024
6930.000000 0.204000
6931.000000 0.198994
6932.000000 0.194011
6933.000000 0.189061
6934.000000 0.184152
6935.000000 0.179291
6936.000000 0.174486
6937.000000 0.169747
6938.000000 0.165081
6939.000000 0.160496
6940.000000 0.156000
6941.000000 0.151600
6942.000000 0.147296
6943.000000 0.143084
6944.000000 0.138962
6945.000000 0.134929
6946.000000 0.130981
6947.000000 0.127117
6948.000000 0.123334
6949.000000 0.119629
6950.000000 0.116000
6951.000000 0.112446
6952.000000 0.108966
6953.000000 0.105564
6954.000000 0.102239
6955.000000 0.098993
6956.000000 0.095828
6957.000000 0.092745
6958.000000 0.089745
6959.000000 0.086829
6960.000000 0.084000
6961.000000 0.081257
6962.000000 0.078599
6963.000000 0.076022
6964.000000 0.073523
6965.000000 0.071099
6966.000000 0.068747
6967.000000 0.066464
6968.000000 0.064248
6969.000000 0.062094
6970.000000 0.060000
6971.000000 0.057963
6972.000000 0.055982
6973.000000 0.054055
6974.000000 0.052182
6975.000000 0.050361
6976.000000 0.048591
6977.000000 0.046871
6978.000000 0.045200
6979.000000 0.043577
6980.000000 0.042000
6981.000000 0.040469
6982.000000 0.038985
6983.000000 0.037549
6984.000000 0.036164
6985.000000 0.034831
6986.000000 0.033551
6987.000000 0.032327
6988.000000 0.031159
6989.000000 0.030049
6990.000000 0.029000
6991.000000 0.028011
6992.000000 0.027079
6993.000000 0.026197
6994.000000 0.025361
6995.000000 0.024565
6996.000000 0.023804
6997.000000 0.023072
6998.000000 0.022365
6999.000000 0.021676
7000.000000 0.021000
7001.000000 0.020334
7002.000000 0.019677
7003.000000 0.019032
7004.000000 0.018400
7005.000000 0.017784
7006.000000 0.017186
7007.000000 0.016606
7008.000000 0.016047
7009.000000 0.015511
7010.000000 0.015000
7011.000000 0.014515
7012.000000 0.014054
7013.000000 0.013616
7014.000000 0.013197
7015.000000 0.012798
7016.000000 0.012414
7017.000000 0.012045
7018.000000 0.011687
7019.000000 0.011340
7020.000000 0.011000
7021.000000 0.010667
7022.000000 0.010340
7023.000000 0.010019
7024.000000 0.009706
7025.000000 0.009400
7026.000000 0.009102
7027.000000 0.008813
7028.000000 0.008533
7029.000000 0.008261
7030.000000 0.008000
7031.000000 0.007749
7032.000000 0.007508
7033.000000 0.007278
7034.000000 0.007059
7035.000000 0.006852
7036.000000 0.006657
7037.000000 0.006474
7038.000000 0.006303
7039.000000 0.006145
7040.000000 0.006000
7041.000000 0.005868
7042.000000 0.005748
7043.000000 0.005638
7044.000000 0.005536
7045.000000 0.005441
7046.000000 0.005350
7047.000000 0.005263
7048.000000 0.005176
7049.000000 0.005089
7050.000000 0.005000
7051.000000 0.004907
7052.000000 0.004811
7053.000000 0.004712
7054.000000 0.004611
7055.000000 0.004509
7056.000000 0.004406
7057.000000 0.004303
7058.000000 0.004200
7059.000000 0.004099
7060.000000 0.004000
7061.000000 0.003903
7062.000000 0.003808
7063.000000 0.003714
7064.000000 0.003619
7065.000000 0.003524
7066.000000 0.003427
7067.000000 0.003327
7068.000000 0.003223
7069.000000 0.003114
7070.000000 0.003000
7071.000000 0.002880
7072.000000 0.002757
7073.000000 0.002633
7074.000000 0.002511
7075.000000 0.002395
7076.000000 0.002287
7077.000000 0.002191
7078.000000 0.002109
7079.000000 0.002044
7080.000000 0.002000
7081.000000 0.001978
7082.000000 0.001973
7083.000000 0.001982
7084.000000 0.002000
7085.000000 0.002021
7086.000000 0.002040
7087.000000 0.002052
7088.000000 0.002053
7089.000000 0.002037
7090.000000 0.002000
7091.000000 0.001938
7092.000000 0.001854
7093.000000 0.001754
7094.000000 0.001642
7095.000000 0.001523
7096.000000 0.001402
7097.000000 0.001285
7098.000000 0.001175
7099.000000 0.001079
7100.000000 0.001000
7101.000000 0.000943
7102.000000 0.000906
7103.000000 0.000887
7104.000000 0.000882
7105.000000 0.000888
7106.000000 0.000904
7107.000000 0.000926
7108.000000 0.000951
7109.000000 0.000977
7110.000000 0.001000
7111.000000 0.001019
7112.000000 0.001033
7113.000000 0.001042
7114.000000 0.001047
7115.000000 0.001048
7116.000000 0.001045
7117.000000 0.001039
7118.000000 0.001029
7119.000000 0.001016
7120.000000 0.001000
7121.000000 0.000982
7122.000000 0.000962
7123.000000 0.000944
7124.000000 0.000929
7125.000000 0.000918
7126.000000 0.000914
7127.000000 0.000918
7128.000000 0.000933
7129.000000 0.000959
7130.000000 0.001000
