# z_p1
# photon
# PS1 z, 1.2 airmass
7850.000000 0.001000
7851.000000 0.001000
7852.000000 0.001000
7853.000000 0.001000
7854.000000 0.001000
7855.000000 0.001000
7856.000000 0.001000
7857.000000 0.001000
7858.000000 0.001000
7859.000000 0.001000
7860.000000 0.001000
7861.000000 0.001000
7862.000000 0.001000
7863.000000 0.001000
7864.000000 0.001000
7865.000000 0.001000
7866.000000 0.001000
7867.000000 0.001000
7868.000000 0.001000
7869.000000 0.001000
7870.000000 0.001000
7871.000000 0.001000
7872.000000 0.001000
7873.000000 0.001000
7874.000000 0.001000
7875.000000 0.001000
7876.000000 0.001000
7877.000000 0.001000
7878.000000 0.001000
7879.000000 0.001000
7880.000000 0.001000
7881.000000 0.001000
7882.000000 0.001000
7883.000000 0.001000
7884.000000 0.001000
7885.000000 0.000999
7886.000000 0.000999
7887.000000 0.000999
7888.000000 0.001000
7889.000000 0.001000
7890.000000 0.001000
7891.000000 0.001000
7892.000000 0.001001
7893.000000 0.001001
7894.000000 0.001002
7895.000000 0.001002
7896.000000 0.001002
7897.000000 0.001002
7898.000000 0.001002
7899.000000 0.001001
7900.000000 0.001000
7901.000000 0.000999
7902.000000 0.000997
7903.000000 0.000995
7904.000000 0.000994
7905.000000 0.000993
7906.000000 0.000992
7907.000000 0.000993
7908.000000 0.000994
7909.000000 0.000996
7910.000000 0.001000
7911.000000 0.001005
7912.000000 0.001011
7913.000000 0.001017
7914.000000 0.001023
7915.000000 0.001027
7916.000000 0.001028
7917.000000 0.001027
7918.000000 0.001023
7919.000000 0.001014
7920.000000 0.001000
7921.000000 0.000981
7922.000000 0.000959
7923.000000 0.000936
7924.000000 0.000916
7925.000000 0.000901
7926.000000 0.000894
7927.000000 0.000898
7928.000000 0.000915
7929.000000 0.000948
7930.000000 0.001000
7931.000000 0.001073
7932.000000 0.001162
7933.000000 0.001266
7934.000000 0.001378
7935.000000 0.001494
7936.000000 0.001611
7937.000000 0.001725
7938.000000 0.001830
7939.000000 0.001923
7940.000000 0.002000
7941.000000 0.002057
7942.000000 0.002095
7943.000000 0.002118
7944.000000 0.002126
7945.000000 0.002122
7946.000000 0.002108
7947.000000 0.002087
7948.000000 0.002060
7949.000000 0.002031
7950.000000 0.002000
7951.000000 0.001970
7952.000000 0.001944
7953.000000 0.001921
7954.000000 0.001904
7955.000000 0.001894
7956.000000 0.001892
7957.000000 0.001901
7958.000000 0.001920
7959.000000 0.001953
7960.000000 0.002000
7961.000000 0.002062
7962.000000 0.002138
7963.000000 0.002225
7964.000000 0.002323
7965.000000 0.002428
7966.000000 0.002539
7967.000000 0.002653
7968.000000 0.002770
7969.000000 0.002886
7970.000000 0.003000
7971.000000 0.003110
7972.000000 0.003217
7973.000000 0.003320
7974.000000 0.003421
7975.000000 0.003520
7976.000000 0.003617
7977.000000 0.003713
7978.000000 0.003808
7979.000000 0.003904
7980.000000 0.004000
7981.000000 0.004097
7982.000000 0.004195
7983.000000 0.004294
7984.000000 0.004394
7985.000000 0.004494
7986.000000 0.004595
7987.000000 0.004696
7988.000000 0.004797
7989.000000 0.004899
7990.000000 0.005000
7991.000000 0.005101
7992.000000 0.005202
7993.000000 0.005303
7994.000000 0.005404
7995.000000 0.005505
7996.000000 0.005605
7997.000000 0.005704
7998.000000 0.005803
7999.000000 0.005902
8000.000000 0.006000
8001.000000 0.006098
8002.000000 0.006195
8003.000000 0.006292
8004.000000 0.006390
8005.000000 0.006488
8006.000000 0.006587
8007.000000 0.006688
8008.000000 0.006790
8009.000000 0.006894
8010.000000 0.007000
8011.000000 0.007108
8012.000000 0.007218
8013.000000 0.007328
8014.000000 0.007437
8015.000000 0.007544
8016.000000 0.007647
8017.000000 0.007745
8018.000000 0.007837
8019.000000 0.007923
8020.000000 0.008000
8021.000000 0.008069
8022.000000 0.008132
8023.000000 0.008195
8024.000000 0.008262
8025.000000 0.008338
8026.000000 0.008426
8027.000000 0.008532
8028.000000 0.008660
8029.000000 0.008815
8030.000000 0.009000
8031.000000 0.009219
8032.000000 0.009469
8033.000000 0.009745
8034.000000 0.010042
8035.000000 0.010355
8036.000000 0.010680
8037.000000 0.011012
8038.000000 0.011346
8039.000000 0.011677
8040.000000 0.012000
8041.000000 0.012312
8042.000000 0.012615
8043.000000 0.012910
8044.000000 0.013201
8045.000000 0.013490
8046.000000 0.013780
8047.000000 0.014074
8048.000000 0.014373
8049.000000 0.014681
8050.000000 0.015000
8051.000000 0.015333
8052.000000 0.015679
8053.000000 0.016041
8054.000000 0.016417
8055.000000 0.016808
8056.000000 0.017214
8057.000000 0.017636
8058.000000 0.018075
8059.000000 0.018529
8060.000000 0.019000
8061.000000 0.019488
8062.000000 0.019995
8063.000000 0.020524
8064.000000 0.021076
8065.000000 0.021653
8066.000000 0.022258
8067.000000 0.022894
8068.000000 0.023561
8069.000000 0.024262
8070.000000 0.025000
8071.000000 0.025776
8072.000000 0.026587
8073.000000 0.027431
8074.000000 0.028304
8075.000000 0.029204
8076.000000 0.030128
8077.000000 0.031072
8078.000000 0.032034
8079.000000 0.033011
8080.000000 0.034000
8081.000000 0.034999
8082.000000 0.036010
8083.000000 0.037037
8084.000000 0.038084
8085.000000 0.039156
8086.000000 0.040254
8087.000000 0.041384
8088.000000 0.042550
8089.000000 0.043753
8090.000000 0.045000
8091.000000 0.046292
8092.000000 0.047631
8093.000000 0.049015
8094.000000 0.050446
8095.000000 0.051923
8096.000000 0.053447
8097.000000 0.055016
8098.000000 0.056631
8099.000000 0.058293
8100.000000 0.060000
8101.000000 0.061753
8102.000000 0.063548
8103.000000 0.065381
8104.000000 0.067250
8105.000000 0.069151
8106.000000 0.071079
8107.000000 0.073032
8108.000000 0.075005
8109.000000 0.076996
8110.000000 0.079000
8111.000000 0.081016
8112.000000 0.083051
8113.000000 0.085112
8114.000000 0.087209
8115.000000 0.089349
8116.000000 0.091542
8117.000000 0.093794
8118.000000 0.096116
8119.000000 0.098515
8120.000000 0.101000
8121.000000 0.103576
8122.000000 0.106233
8123.000000 0.108961
8124.000000 0.111746
8125.000000 0.114578
8126.000000 0.117443
8127.000000 0.120330
8128.000000 0.123226
8129.000000 0.126120
8130.000000 0.129000
8131.000000 0.131859
8132.000000 0.134713
8133.000000 0.137584
8134.000000 0.140494
8135.000000 0.143465
8136.000000 0.146519
8137.000000 0.149678
8138.000000 0.152963
8139.000000 0.156396
8140.000000 0.160000
8141.000000 0.163789
8142.000000 0.167748
8143.000000 0.171857
8144.000000 0.176093
8145.000000 0.180436
8146.000000 0.184865
8147.000000 0.189356
8148.000000 0.193891
8149.000000 0.198446
8150.000000 0.203000
8151.000000 0.207541
8152.000000 0.212087
8153.000000 0.216667
8154.000000 0.221309
8155.000000 0.226039
8156.000000 0.230887
8157.000000 0.235879
8158.000000 0.241043
8159.000000 0.246408
8160.000000 0.252000
8161.000000 0.257840
8162.000000 0.263911
8163.000000 0.270191
8164.000000 0.276656
8165.000000 0.283281
8166.000000 0.290045
8167.000000 0.296922
8168.000000 0.303889
8169.000000 0.310923
8170.000000 0.318000
8171.000000 0.325107
8172.000000 0.332277
8173.000000 0.339551
8174.000000 0.346973
8175.000000 0.354585
8176.000000 0.362431
8177.000000 0.370552
8178.000000 0.378992
8179.000000 0.387794
8180.000000 0.397000
8181.000000 0.406631
8182.000000 0.416622
8183.000000 0.426886
8184.000000 0.437333
8185.000000 0.447878
8186.000000 0.458433
8187.000000 0.468910
8188.000000 0.479222
8189.000000 0.489281
8190.000000 0.499000
8191.000000 0.508321
8192.000000 0.517306
8193.000000 0.526045
8194.000000 0.534630
8195.000000 0.543151
8196.000000 0.551701
8197.000000 0.560369
8198.000000 0.569248
8199.000000 0.578428
8200.000000 0.588000
8201.000000 0.598026
8202.000000 0.608451
8203.000000 0.619189
8204.000000 0.630156
8205.000000 0.641266
8206.000000 0.652435
8207.000000 0.663578
8208.000000 0.674610
8209.000000 0.685446
8210.000000 0.696000
8211.000000 0.706182
8212.000000 0.715875
8213.000000 0.724955
8214.000000 0.733299
8215.000000 0.740783
8216.000000 0.747285
8217.000000 0.752681
8218.000000 0.756848
8219.000000 0.759662
8220.000000 0.761000
8221.000000 0.760823
8222.000000 0.759426
8223.000000 0.757191
8224.000000 0.754498
8225.000000 0.751726
8226.000000 0.749256
8227.000000 0.747468
8228.000000 0.746743
8229.000000 0.747460
8230.000000 0.750000
8231.000000 0.754617
8232.000000 0.761059
8233.000000 0.768950
8234.000000 0.777910
8235.000000 0.787563
8236.000000 0.797531
8237.000000 0.807437
8238.000000 0.816902
8239.000000 0.825549
8240.000000 0.833000
8241.000000 0.838968
8242.000000 0.843528
8243.000000 0.846842
8244.000000 0.849077
8245.000000 0.850395
8246.000000 0.850962
8247.000000 0.850942
8248.000000 0.850498
8249.000000 0.849796
8250.000000 0.849000
8251.000000 0.848252
8252.000000 0.847606
8253.000000 0.847094
8254.000000 0.846750
8255.000000 0.846605
8256.000000 0.846692
8257.000000 0.847042
8258.000000 0.847689
8259.000000 0.848664
8260.000000 0.850000
8261.000000 0.851702
8262.000000 0.853665
8263.000000 0.855759
8264.000000 0.857851
8265.000000 0.859809
8266.000000 0.861503
8267.000000 0.862801
8268.000000 0.863570
8269.000000 0.863681
8270.000000 0.863000
8271.000000 0.861452
8272.000000 0.859181
8273.000000 0.856388
8274.000000 0.853272
8275.000000 0.850033
8276.000000 0.846872
8277.000000 0.843988
8278.000000 0.841581
8279.000000 0.839852
8280.000000 0.839000
8281.000000 0.839163
8282.000000 0.840226
8283.000000 0.842014
8284.000000 0.844350
8285.000000 0.847058
8286.000000 0.849962
8287.000000 0.852884
8288.000000 0.855648
8289.000000 0.858079
8290.000000 0.860000
8291.000000 0.861280
8292.000000 0.861970
8293.000000 0.862169
8294.000000 0.861975
8295.000000 0.861484
8296.000000 0.860794
8297.000000 0.860003
8298.000000 0.859209
8299.000000 0.858509
8300.000000 0.858000
8301.000000 0.857753
8302.000000 0.857725
8303.000000 0.857846
8304.000000 0.858047
8305.000000 0.858257
8306.000000 0.858407
8307.000000 0.858426
8308.000000 0.858244
8309.000000 0.857792
8310.000000 0.857000
8311.000000 0.855827
8312.000000 0.854354
8313.000000 0.852692
8314.000000 0.850949
8315.000000 0.849238
8316.000000 0.847667
8317.000000 0.846348
8318.000000 0.845390
8319.000000 0.844904
8320.000000 0.845000
8321.000000 0.845748
8322.000000 0.847058
8323.000000 0.848797
8324.000000 0.850836
8325.000000 0.853042
8326.000000 0.855285
8327.000000 0.857433
8328.000000 0.859356
8329.000000 0.860922
8330.000000 0.862000
8331.000000 0.862499
8332.000000 0.862487
8333.000000 0.862072
8334.000000 0.861364
8335.000000 0.860469
8336.000000 0.859497
8337.000000 0.858556
8338.000000 0.857754
8339.000000 0.857199
8340.000000 0.857000
8341.000000 0.857234
8342.000000 0.857851
8343.000000 0.858773
8344.000000 0.859918
8345.000000 0.861207
8346.000000 0.862559
8347.000000 0.863894
8348.000000 0.865133
8349.000000 0.866195
8350.000000 0.867000
8351.000000 0.867492
8352.000000 0.867708
8353.000000 0.867712
8354.000000 0.867565
8355.000000 0.867330
8356.000000 0.867068
8357.000000 0.866842
8358.000000 0.866714
8359.000000 0.866746
8360.000000 0.867000
8361.000000 0.867520
8362.000000 0.868276
8363.000000 0.869220
8364.000000 0.870302
8365.000000 0.871475
8366.000000 0.872690
8367.000000 0.873898
8368.000000 0.875052
8369.000000 0.876102
8370.000000 0.877000
8371.000000 0.877710
8372.000000 0.878243
8373.000000 0.878623
8374.000000 0.878875
8375.000000 0.879020
8376.000000 0.879085
8377.000000 0.879091
8378.000000 0.879063
8379.000000 0.879025
8380.000000 0.879000
8381.000000 0.879007
8382.000000 0.879048
8383.000000 0.879116
8384.000000 0.879207
8385.000000 0.879318
8386.000000 0.879443
8387.000000 0.879579
8388.000000 0.879720
8389.000000 0.879862
8390.000000 0.880000
8391.000000 0.880130
8392.000000 0.880247
8393.000000 0.880344
8394.000000 0.880416
8395.000000 0.880457
8396.000000 0.880462
8397.000000 0.880424
8398.000000 0.880338
8399.000000 0.880199
8400.000000 0.880000
8401.000000 0.879739
8402.000000 0.879421
8403.000000 0.879058
8404.000000 0.878657
8405.000000 0.878229
8406.000000 0.877782
8407.000000 0.877327
8408.000000 0.876872
8409.000000 0.876426
8410.000000 0.876000
8411.000000 0.875600
8412.000000 0.875228
8413.000000 0.874880
8414.000000 0.874555
8415.000000 0.874252
8416.000000 0.873969
8417.000000 0.873704
8418.000000 0.873455
8419.000000 0.873221
8420.000000 0.873000
8421.000000 0.872790
8422.000000 0.872588
8423.000000 0.872393
8424.000000 0.872202
8425.000000 0.872012
8426.000000 0.871822
8427.000000 0.871627
8428.000000 0.871427
8429.000000 0.871219
8430.000000 0.871000
8431.000000 0.870769
8432.000000 0.870531
8433.000000 0.870290
8434.000000 0.870052
8435.000000 0.869823
8436.000000 0.869608
8437.000000 0.869413
8438.000000 0.869243
8439.000000 0.869104
8440.000000 0.869000
8441.000000 0.868936
8442.000000 0.868905
8443.000000 0.868902
8444.000000 0.868917
8445.000000 0.868945
8446.000000 0.868977
8447.000000 0.869006
8448.000000 0.869024
8449.000000 0.869025
8450.000000 0.869000
8451.000000 0.868945
8452.000000 0.868864
8453.000000 0.868762
8454.000000 0.868646
8455.000000 0.868522
8456.000000 0.868397
8457.000000 0.868276
8458.000000 0.868165
8459.000000 0.868071
8460.000000 0.868000
8461.000000 0.867956
8462.000000 0.867936
8463.000000 0.867934
8464.000000 0.867946
8465.000000 0.867966
8466.000000 0.867988
8467.000000 0.868008
8468.000000 0.868020
8469.000000 0.868019
8470.000000 0.868000
8471.000000 0.867959
8472.000000 0.867897
8473.000000 0.867817
8474.000000 0.867722
8475.000000 0.867615
8476.000000 0.867499
8477.000000 0.867377
8478.000000 0.867251
8479.000000 0.867124
8480.000000 0.867000
8481.000000 0.866880
8482.000000 0.866765
8483.000000 0.866655
8484.000000 0.866550
8485.000000 0.866448
8486.000000 0.866351
8487.000000 0.866258
8488.000000 0.866168
8489.000000 0.866082
8490.000000 0.866000
8491.000000 0.865920
8492.000000 0.865842
8493.000000 0.865762
8494.000000 0.865680
8495.000000 0.865592
8496.000000 0.865497
8497.000000 0.865392
8498.000000 0.865276
8499.000000 0.865146
8500.000000 0.865000
8501.000000 0.864837
8502.000000 0.864659
8503.000000 0.864468
8504.000000 0.864268
8505.000000 0.864059
8506.000000 0.863846
8507.000000 0.863631
8508.000000 0.863417
8509.000000 0.863206
8510.000000 0.863000
8511.000000 0.862802
8512.000000 0.862610
8513.000000 0.862421
8514.000000 0.862234
8515.000000 0.862046
8516.000000 0.861853
8517.000000 0.861655
8518.000000 0.861448
8519.000000 0.861231
8520.000000 0.861000
8521.000000 0.860754
8522.000000 0.860493
8523.000000 0.860219
8524.000000 0.859932
8525.000000 0.859633
8526.000000 0.859324
8527.000000 0.859005
8528.000000 0.858677
8529.000000 0.858342
8530.000000 0.858000
8531.000000 0.857653
8532.000000 0.857305
8533.000000 0.856960
8534.000000 0.856622
8535.000000 0.856297
8536.000000 0.855987
8537.000000 0.855699
8538.000000 0.855435
8539.000000 0.855201
8540.000000 0.855000
8541.000000 0.854836
8542.000000 0.854703
8543.000000 0.854595
8544.000000 0.854506
8545.000000 0.854429
8546.000000 0.854358
8547.000000 0.854286
8548.000000 0.854207
8549.000000 0.854114
8550.000000 0.854000
8551.000000 0.853861
8552.000000 0.853699
8553.000000 0.853518
8554.000000 0.853320
8555.000000 0.853110
8556.000000 0.852891
8557.000000 0.852667
8558.000000 0.852442
8559.000000 0.852218
8560.000000 0.852000
8561.000000 0.851790
8562.000000 0.851588
8563.000000 0.851390
8564.000000 0.851197
8565.000000 0.851004
8566.000000 0.850812
8567.000000 0.850617
8568.000000 0.850418
8569.000000 0.850213
8570.000000 0.850000
8571.000000 0.849778
8572.000000 0.849550
8573.000000 0.849321
8574.000000 0.849093
8575.000000 0.848872
8576.000000 0.848661
8577.000000 0.848464
8578.000000 0.848286
8579.000000 0.848130
8580.000000 0.848000
8581.000000 0.847899
8582.000000 0.847827
8583.000000 0.847781
8584.000000 0.847758
8585.000000 0.847757
8586.000000 0.847775
8587.000000 0.847811
8588.000000 0.847862
8589.000000 0.847926
8590.000000 0.848000
8591.000000 0.848083
8592.000000 0.848173
8593.000000 0.848270
8594.000000 0.848371
8595.000000 0.848475
8596.000000 0.848581
8597.000000 0.848688
8598.000000 0.848794
8599.000000 0.848899
8600.000000 0.849000
8601.000000 0.849097
8602.000000 0.849191
8603.000000 0.849284
8604.000000 0.849376
8605.000000 0.849469
8606.000000 0.849565
8607.000000 0.849664
8608.000000 0.849769
8609.000000 0.849880
8610.000000 0.850000
8611.000000 0.850128
8612.000000 0.850261
8613.000000 0.850395
8614.000000 0.850526
8615.000000 0.850649
8616.000000 0.850760
8617.000000 0.850855
8618.000000 0.850930
8619.000000 0.850979
8620.000000 0.851000
8621.000000 0.850989
8622.000000 0.850948
8623.000000 0.850881
8624.000000 0.850792
8625.000000 0.850684
8626.000000 0.850562
8627.000000 0.850429
8628.000000 0.850288
8629.000000 0.850144
8630.000000 0.850000
8631.000000 0.849860
8632.000000 0.849724
8633.000000 0.849596
8634.000000 0.849475
8635.000000 0.849364
8636.000000 0.849264
8637.000000 0.849176
8638.000000 0.849102
8639.000000 0.849043
8640.000000 0.849000
8641.000000 0.848974
8642.000000 0.848963
8643.000000 0.848963
8644.000000 0.848971
8645.000000 0.848984
8646.000000 0.848998
8647.000000 0.849009
8648.000000 0.849016
8649.000000 0.849014
8650.000000 0.849000
8651.000000 0.848971
8652.000000 0.848927
8653.000000 0.848868
8654.000000 0.848792
8655.000000 0.848701
8656.000000 0.848594
8657.000000 0.848470
8658.000000 0.848330
8659.000000 0.848173
8660.000000 0.848000
8661.000000 0.847810
8662.000000 0.847608
8663.000000 0.847396
8664.000000 0.847179
8665.000000 0.846962
8666.000000 0.846747
8667.000000 0.846540
8668.000000 0.846344
8669.000000 0.846162
8670.000000 0.846000
8671.000000 0.845860
8672.000000 0.845738
8673.000000 0.845632
8674.000000 0.845538
8675.000000 0.845452
8676.000000 0.845369
8677.000000 0.845286
8678.000000 0.845200
8679.000000 0.845106
8680.000000 0.845000
8681.000000 0.844880
8682.000000 0.844743
8683.000000 0.844590
8684.000000 0.844420
8685.000000 0.844232
8686.000000 0.844025
8687.000000 0.843799
8688.000000 0.843553
8689.000000 0.843287
8690.000000 0.843000
8691.000000 0.842692
8692.000000 0.842369
8693.000000 0.842037
8694.000000 0.841702
8695.000000 0.841371
8696.000000 0.841051
8697.000000 0.840747
8698.000000 0.840466
8699.000000 0.840215
8700.000000 0.840000
8701.000000 0.839825
8702.000000 0.839685
8703.000000 0.839574
8704.000000 0.839484
8705.000000 0.839408
8706.000000 0.839340
8707.000000 0.839272
8708.000000 0.839197
8709.000000 0.839109
8710.000000 0.839000
8711.000000 0.838865
8712.000000 0.838706
8713.000000 0.838526
8714.000000 0.838330
8715.000000 0.838120
8716.000000 0.837901
8717.000000 0.837676
8718.000000 0.837448
8719.000000 0.837222
8720.000000 0.837000
8721.000000 0.836786
8722.000000 0.836579
8723.000000 0.836378
8724.000000 0.836181
8725.000000 0.835986
8726.000000 0.835792
8727.000000 0.835599
8728.000000 0.835403
8729.000000 0.835204
8730.000000 0.835000
8731.000000 0.834791
8732.000000 0.834577
8733.000000 0.834362
8734.000000 0.834147
8735.000000 0.833936
8736.000000 0.833729
8737.000000 0.833530
8738.000000 0.833341
8739.000000 0.833163
8740.000000 0.833000
8741.000000 0.832853
8742.000000 0.832720
8743.000000 0.832601
8744.000000 0.832494
8745.000000 0.832396
8746.000000 0.832307
8747.000000 0.832224
8748.000000 0.832147
8749.000000 0.832072
8750.000000 0.832000
8751.000000 0.831928
8752.000000 0.831854
8753.000000 0.831776
8754.000000 0.831694
8755.000000 0.831605
8756.000000 0.831508
8757.000000 0.831400
8758.000000 0.831281
8759.000000 0.831148
8760.000000 0.831000
8761.000000 0.830836
8762.000000 0.830657
8763.000000 0.830467
8764.000000 0.830266
8765.000000 0.830059
8766.000000 0.829847
8767.000000 0.829632
8768.000000 0.829418
8769.000000 0.829207
8770.000000 0.829000
8771.000000 0.828800
8772.000000 0.828606
8773.000000 0.828415
8774.000000 0.828225
8775.000000 0.828034
8776.000000 0.827841
8777.000000 0.827643
8778.000000 0.827438
8779.000000 0.827225
8780.000000 0.827000
8781.000000 0.826763
8782.000000 0.826512
8783.000000 0.826248
8784.000000 0.825970
8785.000000 0.825679
8786.000000 0.825373
8787.000000 0.825052
8788.000000 0.824716
8789.000000 0.824366
8790.000000 0.824000
8791.000000 0.823619
8792.000000 0.823226
8793.000000 0.822823
8794.000000 0.822414
8795.000000 0.822001
8796.000000 0.821589
8797.000000 0.821179
8798.000000 0.820776
8799.000000 0.820382
8800.000000 0.820000
8801.000000 0.819632
8802.000000 0.819273
8803.000000 0.818918
8804.000000 0.818559
8805.000000 0.818191
8806.000000 0.817808
8807.000000 0.817404
8808.000000 0.816972
8809.000000 0.816506
8810.000000 0.816000
8811.000000 0.815451
8812.000000 0.814865
8813.000000 0.814252
8814.000000 0.813622
8815.000000 0.812983
8816.000000 0.812346
8817.000000 0.811720
8818.000000 0.811114
8819.000000 0.810537
8820.000000 0.810000
8821.000000 0.809509
8822.000000 0.809058
8823.000000 0.808641
8824.000000 0.808249
8825.000000 0.807875
8826.000000 0.807511
8827.000000 0.807149
8828.000000 0.806782
8829.000000 0.806402
8830.000000 0.806000
8831.000000 0.805572
8832.000000 0.805118
8833.000000 0.804643
8834.000000 0.804149
8835.000000 0.803641
8836.000000 0.803121
8837.000000 0.802594
8838.000000 0.802062
8839.000000 0.801530
8840.000000 0.801000
8841.000000 0.800476
8842.000000 0.799958
8843.000000 0.799446
8844.000000 0.798939
8845.000000 0.798437
8846.000000 0.797941
8847.000000 0.797449
8848.000000 0.796962
8849.000000 0.796479
8850.000000 0.796000
8851.000000 0.795525
8852.000000 0.795058
8853.000000 0.794602
8854.000000 0.794159
8855.000000 0.793735
8856.000000 0.793331
8857.000000 0.792953
8858.000000 0.792602
8859.000000 0.792284
8860.000000 0.792000
8861.000000 0.791753
8862.000000 0.791537
8863.000000 0.791345
8864.000000 0.791168
8865.000000 0.790998
8866.000000 0.790829
8867.000000 0.790653
8868.000000 0.790461
8869.000000 0.790246
8870.000000 0.790000
8871.000000 0.789719
8872.000000 0.789408
8873.000000 0.789078
8874.000000 0.788738
8875.000000 0.788397
8876.000000 0.788063
8877.000000 0.787748
8878.000000 0.787459
8879.000000 0.787207
8880.000000 0.787000
8881.000000 0.786845
8882.000000 0.786733
8883.000000 0.786652
8884.000000 0.786592
8885.000000 0.786540
8886.000000 0.786485
8887.000000 0.786415
8888.000000 0.786319
8889.000000 0.786184
8890.000000 0.786000
8891.000000 0.785758
8892.000000 0.785469
8893.000000 0.785144
8894.000000 0.784797
8895.000000 0.784442
8896.000000 0.784092
8897.000000 0.783759
8898.000000 0.783457
8899.000000 0.783200
8900.000000 0.783000
8901.000000 0.782867
8902.000000 0.782793
8903.000000 0.782767
8904.000000 0.782778
8905.000000 0.782816
8906.000000 0.782868
8907.000000 0.782923
8908.000000 0.782971
8909.000000 0.783001
8910.000000 0.783000
8911.000000 0.782960
8912.000000 0.782881
8913.000000 0.782764
8914.000000 0.782610
8915.000000 0.782421
8916.000000 0.782198
8917.000000 0.781943
8918.000000 0.781657
8919.000000 0.781342
8920.000000 0.781000
8921.000000 0.780632
8922.000000 0.780243
8923.000000 0.779838
8924.000000 0.779423
8925.000000 0.779002
8926.000000 0.778581
8927.000000 0.778165
8928.000000 0.777760
8929.000000 0.777369
8930.000000 0.777000
8931.000000 0.776654
8932.000000 0.776323
8933.000000 0.775998
8934.000000 0.775668
8935.000000 0.775322
8936.000000 0.774950
8937.000000 0.774543
8938.000000 0.774089
8939.000000 0.773578
8940.000000 0.773000
8941.000000 0.772348
8942.000000 0.771624
8943.000000 0.770835
8944.000000 0.769987
8945.000000 0.769086
8946.000000 0.768138
8947.000000 0.767150
8948.000000 0.766126
8949.000000 0.765074
8950.000000 0.764000
8951.000000 0.762903
8952.000000 0.761757
8953.000000 0.760531
8954.000000 0.759192
8955.000000 0.757709
8956.000000 0.756049
8957.000000 0.754180
8958.000000 0.752070
8959.000000 0.749688
8960.000000 0.747000
8961.000000 0.744002
8962.000000 0.740795
8963.000000 0.737507
8964.000000 0.734267
8965.000000 0.731203
8966.000000 0.728442
8967.000000 0.726113
8968.000000 0.724344
8969.000000 0.723264
8970.000000 0.723000
8971.000000 0.723614
8972.000000 0.724903
8973.000000 0.726594
8974.000000 0.728419
8975.000000 0.730106
8976.000000 0.731384
8977.000000 0.731983
8978.000000 0.731633
8979.000000 0.730062
8980.000000 0.727000
8981.000000 0.722293
8982.000000 0.716250
8983.000000 0.709299
8984.000000 0.701865
8985.000000 0.694375
8986.000000 0.687254
8987.000000 0.680930
8988.000000 0.675829
8989.000000 0.672377
8990.000000 0.671000
8991.000000 0.671979
8992.000000 0.675008
8993.000000 0.679638
8994.000000 0.685417
8995.000000 0.691896
8996.000000 0.698623
8997.000000 0.705147
8998.000000 0.711019
8999.000000 0.715787
9000.000000 0.719000
9001.000000 0.720339
9002.000000 0.720005
9003.000000 0.718331
9004.000000 0.715649
9005.000000 0.712292
9006.000000 0.708591
9007.000000 0.704879
9008.000000 0.701488
9009.000000 0.698751
9010.000000 0.697000
9011.000000 0.696471
9012.000000 0.697011
9013.000000 0.698372
9014.000000 0.700306
9015.000000 0.702563
9016.000000 0.704895
9017.000000 0.707053
9018.000000 0.708790
9019.000000 0.709855
9020.000000 0.710000
9021.000000 0.709062
9022.000000 0.707216
9023.000000 0.704722
9024.000000 0.701841
9025.000000 0.698833
9026.000000 0.695958
9027.000000 0.693477
9028.000000 0.691650
9029.000000 0.690738
9030.000000 0.691000
9031.000000 0.692612
9032.000000 0.695407
9033.000000 0.699131
9034.000000 0.703532
9035.000000 0.708357
9036.000000 0.713354
9037.000000 0.718269
9038.000000 0.722850
9039.000000 0.726845
9040.000000 0.730000
9041.000000 0.732128
9042.000000 0.733302
9043.000000 0.733662
9044.000000 0.733344
9045.000000 0.732489
9046.000000 0.731235
9047.000000 0.729721
9048.000000 0.728084
9049.000000 0.726464
9050.000000 0.725000
9051.000000 0.723794
9052.000000 0.722808
9053.000000 0.721969
9054.000000 0.721203
9055.000000 0.720435
9056.000000 0.719593
9057.000000 0.718602
9058.000000 0.717389
9059.000000 0.715879
9060.000000 0.714000
9061.000000 0.711706
9062.000000 0.709064
9063.000000 0.706171
9064.000000 0.703125
9065.000000 0.700020
9066.000000 0.696953
9067.000000 0.694022
9068.000000 0.691321
9069.000000 0.688949
9070.000000 0.687000
9071.000000 0.685548
9072.000000 0.684568
9073.000000 0.684013
9074.000000 0.683835
9075.000000 0.683985
9076.000000 0.684417
9077.000000 0.685083
9078.000000 0.685933
9079.000000 0.686922
9080.000000 0.688000
9081.000000 0.689121
9082.000000 0.690241
9083.000000 0.691316
9084.000000 0.692305
9085.000000 0.693164
9086.000000 0.693849
9087.000000 0.694318
9088.000000 0.694529
9089.000000 0.694437
9090.000000 0.694000
9091.000000 0.693197
9092.000000 0.692093
9093.000000 0.690778
9094.000000 0.689337
9095.000000 0.687860
9096.000000 0.686435
9097.000000 0.685148
9098.000000 0.684088
9099.000000 0.683343
9100.000000 0.683000
9101.000000 0.683118
9102.000000 0.683634
9103.000000 0.684455
9104.000000 0.685490
9105.000000 0.686645
9106.000000 0.687829
9107.000000 0.688949
9108.000000 0.689912
9109.000000 0.690627
9110.000000 0.691000
9111.000000 0.690964
9112.000000 0.690548
9113.000000 0.689807
9114.000000 0.688793
9115.000000 0.687560
9116.000000 0.686163
9117.000000 0.684654
9118.000000 0.683088
9119.000000 0.681519
9120.000000 0.680000
9121.000000 0.678572
9122.000000 0.677221
9123.000000 0.675920
9124.000000 0.674644
9125.000000 0.673365
9126.000000 0.672057
9127.000000 0.670693
9128.000000 0.669247
9129.000000 0.667691
9130.000000 0.666000
9131.000000 0.664163
9132.000000 0.662241
9133.000000 0.660310
9134.000000 0.658447
9135.000000 0.656729
9136.000000 0.655233
9137.000000 0.654035
9138.000000 0.653212
9139.000000 0.652842
9140.000000 0.653000
9141.000000 0.653723
9142.000000 0.654878
9143.000000 0.656294
9144.000000 0.657799
9145.000000 0.659218
9146.000000 0.660380
9147.000000 0.661111
9148.000000 0.661240
9149.000000 0.660594
9150.000000 0.659000
9151.000000 0.656357
9152.000000 0.652854
9153.000000 0.648749
9154.000000 0.644303
9155.000000 0.639775
9156.000000 0.635425
9157.000000 0.631513
9158.000000 0.628298
9159.000000 0.626040
9160.000000 0.625000
9161.000000 0.625340
9162.000000 0.626835
9163.000000 0.629168
9164.000000 0.632015
9165.000000 0.635059
9166.000000 0.637978
9167.000000 0.640451
9168.000000 0.642160
9169.000000 0.642783
9170.000000 0.642000
9171.000000 0.639597
9172.000000 0.635781
9173.000000 0.630865
9174.000000 0.625164
9175.000000 0.618990
9176.000000 0.612657
9177.000000 0.606478
9178.000000 0.600767
9179.000000 0.595836
9180.000000 0.592000
9181.000000 0.589479
9182.000000 0.588122
9183.000000 0.587687
9184.000000 0.587929
9185.000000 0.588606
9186.000000 0.589475
9187.000000 0.590292
9188.000000 0.590814
9189.000000 0.590798
9190.000000 0.590000
9191.000000 0.588241
9192.000000 0.585595
9193.000000 0.582199
9194.000000 0.578191
9195.000000 0.573709
9196.000000 0.568891
9197.000000 0.563873
9198.000000 0.558793
9199.000000 0.553790
9200.000000 0.549000
9201.000000 0.544522
9202.000000 0.540299
9203.000000 0.536232
9204.000000 0.532225
9205.000000 0.528181
9206.000000 0.524002
9207.000000 0.519592
9208.000000 0.514853
9209.000000 0.509688
9210.000000 0.504000
9211.000000 0.497724
9212.000000 0.490923
9213.000000 0.483692
9214.000000 0.476125
9215.000000 0.468318
9216.000000 0.460365
9217.000000 0.452362
9218.000000 0.444404
9219.000000 0.436585
9220.000000 0.429000
9221.000000 0.421719
9222.000000 0.414706
9223.000000 0.407901
9224.000000 0.401244
9225.000000 0.394673
9226.000000 0.388129
9227.000000 0.381550
9228.000000 0.374876
9229.000000 0.368046
9230.000000 0.361000
9231.000000 0.353695
9232.000000 0.346158
9233.000000 0.338435
9234.000000 0.330572
9235.000000 0.322614
9236.000000 0.314607
9237.000000 0.306597
9238.000000 0.298629
9239.000000 0.290748
9240.000000 0.283000
9241.000000 0.275422
9242.000000 0.268015
9243.000000 0.260772
9244.000000 0.253684
9245.000000 0.246745
9246.000000 0.239946
9247.000000 0.233279
9248.000000 0.226738
9249.000000 0.220314
9250.000000 0.214000
9251.000000 0.207791
9252.000000 0.201693
9253.000000 0.195715
9254.000000 0.189867
9255.000000 0.184157
9256.000000 0.178594
9257.000000 0.173188
9258.000000 0.167948
9259.000000 0.162882
9260.000000 0.158000
9261.000000 0.153306
9262.000000 0.148781
9263.000000 0.144405
9264.000000 0.140153
9265.000000 0.136003
9266.000000 0.131934
9267.000000 0.127921
9268.000000 0.123943
9269.000000 0.119977
9270.000000 0.116000
9271.000000 0.111998
9272.000000 0.107990
9273.000000 0.104004
9274.000000 0.100066
9275.000000 0.096204
9276.000000 0.092447
9277.000000 0.088820
9278.000000 0.085352
9279.000000 0.082069
9280.000000 0.079000
9281.000000 0.076162
9282.000000 0.073538
9283.000000 0.071101
9284.000000 0.068823
9285.000000 0.066679
9286.000000 0.064639
9287.000000 0.062679
9288.000000 0.060770
9289.000000 0.058886
9290.000000 0.057000
9291.000000 0.055091
9292.000000 0.053168
9293.000000 0.051245
9294.000000 0.049336
9295.000000 0.047456
9296.000000 0.045620
9297.000000 0.043841
9298.000000 0.042136
9299.000000 0.040517
9300.000000 0.039000
9301.000000 0.037595
9302.000000 0.036292
9303.000000 0.035080
9304.000000 0.033944
9305.000000 0.032872
9306.000000 0.031850
9307.000000 0.030865
9308.000000 0.029903
9309.000000 0.028953
9310.000000 0.028000
9311.000000 0.027035
9312.000000 0.026062
9313.000000 0.025090
9314.000000 0.024128
9315.000000 0.023182
9316.000000 0.022262
9317.000000 0.021375
9318.000000 0.020531
9319.000000 0.019736
9320.000000 0.019000
9321.000000 0.018328
9322.000000 0.017715
9323.000000 0.017152
9324.000000 0.016634
9325.000000 0.016151
9326.000000 0.015696
9327.000000 0.015261
9328.000000 0.014838
9329.000000 0.014421
9330.000000 0.014000
9331.000000 0.013571
9332.000000 0.013135
9333.000000 0.012699
9334.000000 0.012266
9335.000000 0.011840
9336.000000 0.011428
9337.000000 0.011033
9338.000000 0.010660
9339.000000 0.010314
9340.000000 0.010000
9341.000000 0.009720
9342.000000 0.009472
9343.000000 0.009249
9344.000000 0.009048
9345.000000 0.008863
9346.000000 0.008689
9347.000000 0.008520
9348.000000 0.008353
9349.000000 0.008181
9350.000000 0.008000
9351.000000 0.007806
9352.000000 0.007602
9353.000000 0.007390
9354.000000 0.007174
9355.000000 0.006958
9356.000000 0.006746
9357.000000 0.006540
9358.000000 0.006345
9359.000000 0.006164
9360.000000 0.006000
9361.000000 0.005856
9362.000000 0.005730
9363.000000 0.005619
9364.000000 0.005520
9365.000000 0.005429
9366.000000 0.005344
9367.000000 0.005262
9368.000000 0.005179
9369.000000 0.005093
9370.000000 0.005000
9371.000000 0.004898
9372.000000 0.004790
9373.000000 0.004677
9374.000000 0.004563
9375.000000 0.004450
9376.000000 0.004341
9377.000000 0.004239
9378.000000 0.004146
9379.000000 0.004066
9380.000000 0.004000
9381.000000 0.003951
9382.000000 0.003918
9383.000000 0.003899
9384.000000 0.003891
9385.000000 0.003894
9386.000000 0.003906
9387.000000 0.003924
9388.000000 0.003947
9389.000000 0.003973
9390.000000 0.004000
9391.000000 0.004026
9392.000000 0.004051
9393.000000 0.004072
9394.000000 0.004088
9395.000000 0.004097
9396.000000 0.004099
9397.000000 0.004091
9398.000000 0.004073
9399.000000 0.004043
9400.000000 0.004000
9401.000000 0.003942
9402.000000 0.003871
9403.000000 0.003788
9404.000000 0.003695
9405.000000 0.003592
9406.000000 0.003483
9407.000000 0.003367
9408.000000 0.003247
9409.000000 0.003124
9410.000000 0.003000
9411.000000 0.002876
9412.000000 0.002753
9413.000000 0.002633
9414.000000 0.002518
9415.000000 0.002408
9416.000000 0.002306
9417.000000 0.002213
9418.000000 0.002130
9419.000000 0.002058
9420.000000 0.002000
9421.000000 0.001956
9422.000000 0.001925
9423.000000 0.001906
9424.000000 0.001898
9425.000000 0.001899
9426.000000 0.001908
9427.000000 0.001924
9428.000000 0.001946
9429.000000 0.001971
9430.000000 0.002000
9431.000000 0.002030
9432.000000 0.002059
9433.000000 0.002085
9434.000000 0.002107
9435.000000 0.002120
9436.000000 0.002124
9437.000000 0.002117
9438.000000 0.002095
9439.000000 0.002057
9440.000000 0.002000
9441.000000 0.001924
9442.000000 0.001831
9443.000000 0.001725
9444.000000 0.001612
9445.000000 0.001495
9446.000000 0.001378
9447.000000 0.001266
9448.000000 0.001163
9449.000000 0.001073
9450.000000 0.001000
9451.000000 0.000948
9452.000000 0.000915
9453.000000 0.000898
9454.000000 0.000894
9455.000000 0.000901
9456.000000 0.000916
9457.000000 0.000936
9458.000000 0.000958
9459.000000 0.000981
9460.000000 0.001000
9461.000000 0.001014
9462.000000 0.001023
9463.000000 0.001028
9464.000000 0.001029
9465.000000 0.001027
9466.000000 0.001023
9467.000000 0.001018
9468.000000 0.001011
9469.000000 0.001005
9470.000000 0.001000
9471.000000 0.000996
9472.000000 0.000993
9473.000000 0.000992
9474.000000 0.000991
9475.000000 0.000991
9476.000000 0.000992
9477.000000 0.000994
9478.000000 0.000996
9479.000000 0.000998
9480.000000 0.001000
9481.000000 0.001002
9482.000000 0.001004
9483.000000 0.001006
9484.000000 0.001007
9485.000000 0.001008
9486.000000 0.001008
9487.000000 0.001007
9488.000000 0.001006
9489.000000 0.001003
9490.000000 0.001000
9491.000000 0.000995
9492.000000 0.000990
9493.000000 0.000984
9494.000000 0.000977
9495.000000 0.000970
9496.000000 0.000963
9497.000000 0.000956
9498.000000 0.000950
9499.000000 0.000945
9500.000000 0.000940
9501.000000 0.000937
9502.000000 0.000935
9503.000000 0.000935
9504.000000 0.000936
9505.000000 0.000940
9506.000000 0.000946
9507.000000 0.000955
9508.000000 0.000967
9509.000000 0.000982
9510.000000 0.001000
