# y_p1
# photon
# PS1 y, 1.2 airmass
8970.000000 0.001000
8971.000000 0.000963
8972.000000 0.000939
8973.000000 0.000926
8974.000000 0.000922
8975.000000 0.000925
8976.000000 0.000935
8977.000000 0.000949
8978.000000 0.000966
8979.000000 0.000983
8980.000000 0.001000
8981.000000 0.001015
8982.000000 0.001027
8983.000000 0.001036
8984.000000 0.001042
8985.000000 0.001045
8986.000000 0.001044
8987.000000 0.001039
8988.000000 0.001031
8989.000000 0.001018
8990.000000 0.001000
8991.000000 0.000978
8992.000000 0.000954
8993.000000 0.000930
8994.000000 0.000910
8995.000000 0.000895
8996.000000 0.000888
8997.000000 0.000893
8998.000000 0.000912
8999.000000 0.000946
9000.000000 0.001000
9001.000000 0.001074
9002.000000 0.001166
9003.000000 0.001270
9004.000000 0.001383
9005.000000 0.001501
9006.000000 0.001618
9007.000000 0.001731
9008.000000 0.001835
9009.000000 0.001926
9010.000000 0.002000
9011.000000 0.002053
9012.000000 0.002087
9013.000000 0.002105
9014.000000 0.002109
9015.000000 0.002102
9016.000000 0.002087
9017.000000 0.002067
9018.000000 0.002043
9019.000000 0.002020
9020.000000 0.002000
9021.000000 0.001985
9022.000000 0.001974
9023.000000 0.001968
9024.000000 0.001965
9025.000000 0.001966
9026.000000 0.001970
9027.000000 0.001975
9028.000000 0.001983
9029.000000 0.001991
9030.000000 0.002000
9031.000000 0.002009
9032.000000 0.002017
9033.000000 0.002024
9034.000000 0.002030
9035.000000 0.002033
9036.000000 0.002034
9037.000000 0.002031
9038.000000 0.002025
9039.000000 0.002015
9040.000000 0.002000
9041.000000 0.001980
9042.000000 0.001958
9043.000000 0.001935
9044.000000 0.001916
9045.000000 0.001901
9046.000000 0.001895
9047.000000 0.001899
9048.000000 0.001916
9049.000000 0.001949
9050.000000 0.002000
9051.000000 0.002071
9052.000000 0.002160
9053.000000 0.002261
9054.000000 0.002372
9055.000000 0.002487
9056.000000 0.002604
9057.000000 0.002717
9058.000000 0.002824
9059.000000 0.002919
9060.000000 0.003000
9061.000000 0.003063
9062.000000 0.003107
9063.000000 0.003136
9064.000000 0.003150
9065.000000 0.003151
9066.000000 0.003139
9067.000000 0.003117
9068.000000 0.003085
9069.000000 0.003046
9070.000000 0.003000
9071.000000 0.002950
9072.000000 0.002898
9073.000000 0.002851
9074.000000 0.002812
9075.000000 0.002786
9076.000000 0.002777
9077.000000 0.002789
9078.000000 0.002827
9079.000000 0.002896
9080.000000 0.003000
9081.000000 0.003141
9082.000000 0.003315
9083.000000 0.003513
9084.000000 0.003729
9085.000000 0.003956
9086.000000 0.004187
9087.000000 0.004413
9088.000000 0.004629
9089.000000 0.004827
9090.000000 0.005000
9091.000000 0.005143
9092.000000 0.005259
9093.000000 0.005356
9094.000000 0.005439
9095.000000 0.005514
9096.000000 0.005589
9097.000000 0.005668
9098.000000 0.005759
9099.000000 0.005868
9100.000000 0.006000
9101.000000 0.006161
9102.000000 0.006353
9103.000000 0.006575
9104.000000 0.006828
9105.000000 0.007111
9106.000000 0.007426
9107.000000 0.007772
9108.000000 0.008149
9109.000000 0.008559
9110.000000 0.009000
9111.000000 0.009473
9112.000000 0.009977
9113.000000 0.010512
9114.000000 0.011075
9115.000000 0.011666
9116.000000 0.012284
9117.000000 0.012927
9118.000000 0.013595
9119.000000 0.014286
9120.000000 0.015000
9121.000000 0.015736
9122.000000 0.016497
9123.000000 0.017288
9124.000000 0.018113
9125.000000 0.018975
9126.000000 0.019880
9127.000000 0.020830
9128.000000 0.021831
9129.000000 0.022886
9130.000000 0.024000
9131.000000 0.025177
9132.000000 0.026426
9133.000000 0.027754
9134.000000 0.029170
9135.000000 0.030683
9136.000000 0.032302
9137.000000 0.034034
9138.000000 0.035889
9139.000000 0.037875
9140.000000 0.040000
9141.000000 0.042268
9142.000000 0.044665
9143.000000 0.047168
9144.000000 0.049759
9145.000000 0.052417
9146.000000 0.055121
9147.000000 0.057852
9148.000000 0.060589
9149.000000 0.063312
9150.000000 0.066000
9151.000000 0.068645
9152.000000 0.071284
9153.000000 0.073966
9154.000000 0.076738
9155.000000 0.079650
9156.000000 0.082750
9157.000000 0.086086
9158.000000 0.089708
9159.000000 0.093663
9160.000000 0.098000
9161.000000 0.102747
9162.000000 0.107846
9163.000000 0.113221
9164.000000 0.118793
9165.000000 0.124484
9166.000000 0.130216
9167.000000 0.135911
9168.000000 0.141492
9169.000000 0.146881
9170.000000 0.152000
9171.000000 0.156798
9172.000000 0.161338
9173.000000 0.165707
9174.000000 0.169995
9175.000000 0.174291
9176.000000 0.178684
9177.000000 0.183262
9178.000000 0.188115
9179.000000 0.193331
9180.000000 0.199000
9181.000000 0.205181
9182.000000 0.211818
9183.000000 0.218825
9184.000000 0.226115
9185.000000 0.233602
9186.000000 0.241202
9187.000000 0.248828
9188.000000 0.256393
9189.000000 0.263812
9190.000000 0.271000
9191.000000 0.277893
9192.000000 0.284526
9193.000000 0.290954
9194.000000 0.297234
9195.000000 0.303424
9196.000000 0.309580
9197.000000 0.315759
9198.000000 0.322017
9199.000000 0.328412
9200.000000 0.335000
9201.000000 0.341817
9202.000000 0.348815
9203.000000 0.355924
9204.000000 0.363076
9205.000000 0.370201
9206.000000 0.377230
9207.000000 0.384093
9208.000000 0.390722
9209.000000 0.397048
9210.000000 0.403000
9211.000000 0.408534
9212.000000 0.413703
9213.000000 0.418581
9214.000000 0.423245
9215.000000 0.427772
9216.000000 0.432237
9217.000000 0.436716
9218.000000 0.441285
9219.000000 0.446021
9220.000000 0.451000
9221.000000 0.456272
9222.000000 0.461790
9223.000000 0.467481
9224.000000 0.473271
9225.000000 0.479086
9226.000000 0.484855
9227.000000 0.490504
9228.000000 0.495960
9229.000000 0.501150
9230.000000 0.506000
9231.000000 0.510457
9232.000000 0.514544
9233.000000 0.518303
9234.000000 0.521777
9235.000000 0.525007
9236.000000 0.528037
9237.000000 0.530909
9238.000000 0.533666
9239.000000 0.536348
9240.000000 0.539000
9241.000000 0.541655
9242.000000 0.544315
9243.000000 0.546973
9244.000000 0.549623
9245.000000 0.552259
9246.000000 0.554875
9247.000000 0.557463
9248.000000 0.560017
9249.000000 0.562532
9250.000000 0.565000
9251.000000 0.567420
9252.000000 0.569813
9253.000000 0.572204
9254.000000 0.574618
9255.000000 0.577080
9256.000000 0.579615
9257.000000 0.582250
9258.000000 0.585009
9259.000000 0.587917
9260.000000 0.591000
9261.000000 0.594261
9262.000000 0.597616
9263.000000 0.600957
9264.000000 0.604177
9265.000000 0.607171
9266.000000 0.609831
9267.000000 0.612051
9268.000000 0.613724
9269.000000 0.614742
9270.000000 0.615000
9271.000000 0.614435
9272.000000 0.613164
9273.000000 0.611350
9274.000000 0.609153
9275.000000 0.606735
9276.000000 0.604259
9277.000000 0.601885
9278.000000 0.599777
9279.000000 0.598094
9280.000000 0.597000
9281.000000 0.596603
9282.000000 0.596799
9283.000000 0.597433
9284.000000 0.598348
9285.000000 0.599388
9286.000000 0.600398
9287.000000 0.601219
9288.000000 0.601698
9289.000000 0.601677
9290.000000 0.601000
9291.000000 0.599557
9292.000000 0.597424
9293.000000 0.594720
9294.000000 0.591567
9295.000000 0.588087
9296.000000 0.584399
9297.000000 0.580626
9298.000000 0.576887
9299.000000 0.573305
9300.000000 0.570000
9301.000000 0.567057
9302.000000 0.564419
9303.000000 0.561990
9304.000000 0.559679
9305.000000 0.557390
9306.000000 0.555030
9307.000000 0.552505
9308.000000 0.549720
9309.000000 0.546584
9310.000000 0.543000
9311.000000 0.538915
9312.000000 0.534430
9313.000000 0.529685
9314.000000 0.524821
9315.000000 0.519979
9316.000000 0.515298
9317.000000 0.510919
9318.000000 0.506983
9319.000000 0.503630
9320.000000 0.501000
9321.000000 0.499175
9322.000000 0.497998
9323.000000 0.497252
9324.000000 0.496724
9325.000000 0.496195
9326.000000 0.495451
9327.000000 0.494275
9328.000000 0.492452
9329.000000 0.489766
9330.000000 0.486000
9331.000000 0.481033
9332.000000 0.475116
9333.000000 0.468594
9334.000000 0.461812
9335.000000 0.455116
9336.000000 0.448851
9337.000000 0.443362
9338.000000 0.438993
9339.000000 0.436091
9340.000000 0.435000
9341.000000 0.435930
9342.000000 0.438547
9343.000000 0.442384
9344.000000 0.446971
9345.000000 0.451839
9346.000000 0.456521
9347.000000 0.460546
9348.000000 0.463447
9349.000000 0.464755
9350.000000 0.464000
9351.000000 0.460876
9352.000000 0.455718
9353.000000 0.449026
9354.000000 0.441296
9355.000000 0.433026
9356.000000 0.424714
9357.000000 0.416857
9358.000000 0.409955
9359.000000 0.404503
9360.000000 0.401000
9361.000000 0.399796
9362.000000 0.400651
9363.000000 0.403175
9364.000000 0.406982
9365.000000 0.411682
9366.000000 0.416888
9367.000000 0.422211
9368.000000 0.427263
9369.000000 0.431655
9370.000000 0.435000
9371.000000 0.437025
9372.000000 0.437919
9373.000000 0.437987
9374.000000 0.437536
9375.000000 0.436870
9376.000000 0.436294
9377.000000 0.436114
9378.000000 0.436635
9379.000000 0.438162
9380.000000 0.441000
9381.000000 0.445359
9382.000000 0.451066
9383.000000 0.457853
9384.000000 0.465449
9385.000000 0.473588
9386.000000 0.481999
9387.000000 0.490415
9388.000000 0.498566
9389.000000 0.506184
9390.000000 0.513000
9391.000000 0.518796
9392.000000 0.523560
9393.000000 0.527328
9394.000000 0.530138
9395.000000 0.532029
9396.000000 0.533037
9397.000000 0.533201
9398.000000 0.532557
9399.000000 0.531144
9400.000000 0.529000
9401.000000 0.526184
9402.000000 0.522846
9403.000000 0.519158
9404.000000 0.515293
9405.000000 0.511422
9406.000000 0.507716
9407.000000 0.504350
9408.000000 0.501493
9409.000000 0.499319
9410.000000 0.498000
9411.000000 0.497636
9412.000000 0.498047
9413.000000 0.498981
9414.000000 0.500186
9415.000000 0.501410
9416.000000 0.502401
9417.000000 0.502907
9418.000000 0.502677
9419.000000 0.501459
9420.000000 0.499000
9421.000000 0.495129
9422.000000 0.489996
9423.000000 0.483829
9424.000000 0.476859
9425.000000 0.469314
9426.000000 0.461424
9427.000000 0.453418
9428.000000 0.445526
9429.000000 0.437977
9430.000000 0.431000
9431.000000 0.424801
9432.000000 0.419488
9433.000000 0.415146
9434.000000 0.411858
9435.000000 0.409710
9436.000000 0.408784
9437.000000 0.409166
9438.000000 0.410940
9439.000000 0.414190
9440.000000 0.419000
9441.000000 0.425354
9442.000000 0.432834
9443.000000 0.440922
9444.000000 0.449099
9445.000000 0.456847
9446.000000 0.463647
9447.000000 0.468981
9448.000000 0.472330
9449.000000 0.473176
9450.000000 0.471000
9451.000000 0.465501
9452.000000 0.457246
9453.000000 0.447017
9454.000000 0.435600
9455.000000 0.423777
9456.000000 0.412331
9457.000000 0.402047
9458.000000 0.393708
9459.000000 0.388098
9460.000000 0.386000
9461.000000 0.387926
9462.000000 0.393302
9463.000000 0.401283
9464.000000 0.411021
9465.000000 0.421672
9466.000000 0.432388
9467.000000 0.442325
9468.000000 0.450637
9469.000000 0.456477
9470.000000 0.459000
9471.000000 0.457648
9472.000000 0.453016
9473.000000 0.445990
9474.000000 0.437452
9475.000000 0.428287
9476.000000 0.419380
9477.000000 0.411613
9478.000000 0.405871
9479.000000 0.403039
9480.000000 0.404000
9481.000000 0.409309
9482.000000 0.418200
9483.000000 0.429580
9484.000000 0.442355
9485.000000 0.455429
9486.000000 0.467710
9487.000000 0.478101
9488.000000 0.485510
9489.000000 0.488841
9490.000000 0.487000
9491.000000 0.479299
9492.000000 0.466671
9493.000000 0.450456
9494.000000 0.431992
9495.000000 0.412620
9496.000000 0.393678
9497.000000 0.376506
9498.000000 0.362442
9499.000000 0.352827
9500.000000 0.349000
9501.000000 0.351856
9502.000000 0.360516
9503.000000 0.373657
9504.000000 0.389956
9505.000000 0.408091
9506.000000 0.426739
9507.000000 0.444576
9508.000000 0.460281
9509.000000 0.472530
9510.000000 0.480000
9511.000000 0.481754
9512.000000 0.478395
9513.000000 0.470910
9514.000000 0.460288
9515.000000 0.447516
9516.000000 0.433584
9517.000000 0.419478
9518.000000 0.406186
9519.000000 0.394698
9520.000000 0.386000
9521.000000 0.380833
9522.000000 0.378946
9523.000000 0.379839
9524.000000 0.383013
9525.000000 0.387968
9526.000000 0.394206
9527.000000 0.401228
9528.000000 0.408534
9529.000000 0.415624
9530.000000 0.422000
9531.000000 0.427261
9532.000000 0.431399
9533.000000 0.434505
9534.000000 0.436670
9535.000000 0.437986
9536.000000 0.438542
9537.000000 0.438431
9538.000000 0.437743
9539.000000 0.436569
9540.000000 0.435000
9541.000000 0.433122
9542.000000 0.431004
9543.000000 0.428709
9544.000000 0.426299
9545.000000 0.423839
9546.000000 0.421392
9547.000000 0.419021
9548.000000 0.416790
9549.000000 0.414762
9550.000000 0.413000
9551.000000 0.411546
9552.000000 0.410353
9553.000000 0.409353
9554.000000 0.408477
9555.000000 0.407658
9556.000000 0.406825
9557.000000 0.405912
9558.000000 0.404849
9559.000000 0.403568
9560.000000 0.402000
9561.000000 0.400110
9562.000000 0.397992
9563.000000 0.395771
9564.000000 0.393575
9565.000000 0.391530
9566.000000 0.389763
9567.000000 0.388400
9568.000000 0.387567
9569.000000 0.387392
9570.000000 0.388000
9571.000000 0.389465
9572.000000 0.391649
9573.000000 0.394359
9574.000000 0.397406
9575.000000 0.400596
9576.000000 0.403738
9577.000000 0.406641
9578.000000 0.409113
9579.000000 0.410964
9580.000000 0.412000
9581.000000 0.412091
9582.000000 0.411341
9583.000000 0.409918
9584.000000 0.407987
9585.000000 0.405712
9586.000000 0.403261
9587.000000 0.400799
9588.000000 0.398491
9589.000000 0.396502
9590.000000 0.395000
9591.000000 0.394107
9592.000000 0.393778
9593.000000 0.393926
9594.000000 0.394464
9595.000000 0.395305
9596.000000 0.396361
9597.000000 0.397546
9598.000000 0.398772
9599.000000 0.399953
9600.000000 0.401000
9601.000000 0.401843
9602.000000 0.402475
9603.000000 0.402905
9604.000000 0.403142
9605.000000 0.403194
9606.000000 0.403070
9607.000000 0.402780
9608.000000 0.402333
9609.000000 0.401736
9610.000000 0.401000
9611.000000 0.400139
9612.000000 0.399192
9613.000000 0.398206
9614.000000 0.397225
9615.000000 0.396295
9616.000000 0.395461
9617.000000 0.394770
9618.000000 0.394265
9619.000000 0.393993
9620.000000 0.394000
9621.000000 0.394310
9622.000000 0.394867
9623.000000 0.395594
9624.000000 0.396414
9625.000000 0.397251
9626.000000 0.398028
9627.000000 0.398669
9628.000000 0.399095
9629.000000 0.399231
9630.000000 0.399000
9631.000000 0.398351
9632.000000 0.397340
9633.000000 0.396049
9634.000000 0.394558
9635.000000 0.392949
9636.000000 0.391305
9637.000000 0.389706
9638.000000 0.388235
9639.000000 0.386972
9640.000000 0.386000
9641.000000 0.385377
9642.000000 0.385068
9643.000000 0.385015
9644.000000 0.385162
9645.000000 0.385451
9646.000000 0.385823
9647.000000 0.386222
9648.000000 0.386589
9649.000000 0.386868
9650.000000 0.387000
9651.000000 0.386942
9652.000000 0.386709
9653.000000 0.386330
9654.000000 0.385833
9655.000000 0.385247
9656.000000 0.384602
9657.000000 0.383926
9658.000000 0.383247
9659.000000 0.382596
9660.000000 0.382000
9661.000000 0.381484
9662.000000 0.381055
9663.000000 0.380715
9664.000000 0.380466
9665.000000 0.380310
9666.000000 0.380249
9667.000000 0.380286
9668.000000 0.380421
9669.000000 0.380659
9670.000000 0.381000
9671.000000 0.381444
9672.000000 0.381981
9673.000000 0.382597
9674.000000 0.383278
9675.000000 0.384012
9676.000000 0.384785
9677.000000 0.385584
9678.000000 0.386395
9679.000000 0.387205
9680.000000 0.388000
9681.000000 0.388765
9682.000000 0.389476
9683.000000 0.390106
9684.000000 0.390628
9685.000000 0.391015
9686.000000 0.391241
9687.000000 0.391280
9688.000000 0.391103
9689.000000 0.390686
9690.000000 0.390000
9691.000000 0.389035
9692.000000 0.387842
9693.000000 0.386486
9694.000000 0.385034
9695.000000 0.383552
9696.000000 0.382105
9697.000000 0.380761
9698.000000 0.379584
9699.000000 0.378642
9700.000000 0.378000
9701.000000 0.377702
9702.000000 0.377700
9703.000000 0.377925
9704.000000 0.378308
9705.000000 0.378778
9706.000000 0.379265
9707.000000 0.379701
9708.000000 0.380015
9709.000000 0.380138
9710.000000 0.380000
9711.000000 0.379550
9712.000000 0.378814
9713.000000 0.377837
9714.000000 0.376663
9715.000000 0.375338
9716.000000 0.373905
9717.000000 0.372410
9718.000000 0.370898
9719.000000 0.369413
9720.000000 0.368000
9721.000000 0.366694
9722.000000 0.365492
9723.000000 0.364379
9724.000000 0.363344
9725.000000 0.362372
9726.000000 0.361450
9727.000000 0.360565
9728.000000 0.359704
9729.000000 0.358854
9730.000000 0.358000
9731.000000 0.357133
9732.000000 0.356252
9733.000000 0.355359
9734.000000 0.354458
9735.000000 0.353550
9736.000000 0.352638
9737.000000 0.351725
9738.000000 0.350812
9739.000000 0.349903
9740.000000 0.349000
9741.000000 0.348105
9742.000000 0.347222
9743.000000 0.346354
9744.000000 0.345505
9745.000000 0.344678
9746.000000 0.343877
9747.000000 0.343105
9748.000000 0.342366
9749.000000 0.341663
9750.000000 0.341000
9751.000000 0.340380
9752.000000 0.339804
9753.000000 0.339275
9754.000000 0.338793
9755.000000 0.338362
9756.000000 0.337981
9757.000000 0.337653
9758.000000 0.337379
9759.000000 0.337161
9760.000000 0.337000
9761.000000 0.336894
9762.000000 0.336826
9763.000000 0.336773
9764.000000 0.336713
9765.000000 0.336625
9766.000000 0.336488
9767.000000 0.336278
9768.000000 0.335975
9769.000000 0.335556
9770.000000 0.335000
9771.000000 0.334295
9772.000000 0.333469
9773.000000 0.332558
9774.000000 0.331602
9775.000000 0.330637
9776.000000 0.329701
9777.000000 0.328832
9778.000000 0.328067
9779.000000 0.327444
9780.000000 0.327000
9781.000000 0.326759
9782.000000 0.326684
9783.000000 0.326725
9784.000000 0.326831
9785.000000 0.326951
9786.000000 0.327036
9787.000000 0.327034
9788.000000 0.326894
9789.000000 0.326566
9790.000000 0.326000
9791.000000 0.325163
9792.000000 0.324100
9793.000000 0.322874
9794.000000 0.321547
9795.000000 0.320183
9796.000000 0.318844
9797.000000 0.317593
9798.000000 0.316494
9799.000000 0.315608
9800.000000 0.315000
9801.000000 0.314712
9802.000000 0.314707
9803.000000 0.314927
9804.000000 0.315317
9805.000000 0.315818
9806.000000 0.316373
9807.000000 0.316926
9808.000000 0.317420
9809.000000 0.317797
9810.000000 0.318000
9811.000000 0.317985
9812.000000 0.317761
9813.000000 0.317349
9814.000000 0.316771
9815.000000 0.316047
9816.000000 0.315199
9817.000000 0.314249
9818.000000 0.313219
9819.000000 0.312128
9820.000000 0.311000
9821.000000 0.309855
9822.000000 0.308712
9823.000000 0.307592
9824.000000 0.306513
9825.000000 0.305495
9826.000000 0.304558
9827.000000 0.303720
9828.000000 0.303002
9829.000000 0.302422
9830.000000 0.302000
9831.000000 0.301746
9832.000000 0.301630
9833.000000 0.301614
9834.000000 0.301657
9835.000000 0.301722
9836.000000 0.301770
9837.000000 0.301760
9838.000000 0.301655
9839.000000 0.301414
9840.000000 0.301000
9841.000000 0.300386
9842.000000 0.299600
9843.000000 0.298682
9844.000000 0.297673
9845.000000 0.296615
9846.000000 0.295547
9847.000000 0.294511
9848.000000 0.293547
9849.000000 0.292697
9850.000000 0.292000
9851.000000 0.291485
9852.000000 0.291131
9853.000000 0.290904
9854.000000 0.290769
9855.000000 0.290693
9856.000000 0.290641
9857.000000 0.290580
9858.000000 0.290475
9859.000000 0.290293
9860.000000 0.290000
9861.000000 0.289570
9862.000000 0.289011
9863.000000 0.288342
9864.000000 0.287579
9865.000000 0.286739
9866.000000 0.285841
9867.000000 0.284900
9868.000000 0.283935
9869.000000 0.282963
9870.000000 0.282000
9871.000000 0.281062
9872.000000 0.280152
9873.000000 0.279271
9874.000000 0.278420
9875.000000 0.277601
9876.000000 0.276813
9877.000000 0.276058
9878.000000 0.275337
9879.000000 0.274650
9880.000000 0.274000
9881.000000 0.273385
9882.000000 0.272797
9883.000000 0.272228
9884.000000 0.271668
9885.000000 0.271109
9886.000000 0.270541
9887.000000 0.269955
9888.000000 0.269342
9889.000000 0.268694
9890.000000 0.268000
9891.000000 0.267256
9892.000000 0.266469
9893.000000 0.265650
9894.000000 0.264812
9895.000000 0.263965
9896.000000 0.263121
9897.000000 0.262291
9898.000000 0.261487
9899.000000 0.260719
9900.000000 0.260000
9901.000000 0.259338
9902.000000 0.258728
9903.000000 0.258166
9904.000000 0.257644
9905.000000 0.257156
9906.000000 0.256696
9907.000000 0.256256
9908.000000 0.255831
9909.000000 0.255415
9910.000000 0.255000
9911.000000 0.254581
9912.000000 0.254154
9913.000000 0.253715
9914.000000 0.253260
9915.000000 0.252786
9916.000000 0.252289
9917.000000 0.251766
9918.000000 0.251212
9919.000000 0.250625
9920.000000 0.250000
9921.000000 0.249336
9922.000000 0.248640
9923.000000 0.247921
9924.000000 0.247189
9925.000000 0.246450
9926.000000 0.245716
9927.000000 0.244995
9928.000000 0.244296
9929.000000 0.243628
9930.000000 0.243000
9931.000000 0.242418
9932.000000 0.241877
9933.000000 0.241367
9934.000000 0.240882
9935.000000 0.240412
9936.000000 0.239949
9937.000000 0.239485
9938.000000 0.239011
9939.000000 0.238519
9940.000000 0.238000
9941.000000 0.237449
9942.000000 0.236869
9943.000000 0.236268
9944.000000 0.235651
9945.000000 0.235026
9946.000000 0.234399
9947.000000 0.233776
9948.000000 0.233164
9949.000000 0.232570
9950.000000 0.232000
9951.000000 0.231459
9952.000000 0.230943
9953.000000 0.230445
9954.000000 0.229961
9955.000000 0.229484
9956.000000 0.229008
9957.000000 0.228528
9958.000000 0.228037
9959.000000 0.227530
9960.000000 0.227000
9961.000000 0.226444
9962.000000 0.225865
9963.000000 0.225267
9964.000000 0.224656
9965.000000 0.224038
9966.000000 0.223416
9967.000000 0.222796
9968.000000 0.222184
9969.000000 0.221583
9970.000000 0.221000
9971.000000 0.220438
9972.000000 0.219895
9973.000000 0.219370
9974.000000 0.218861
9975.000000 0.218365
9976.000000 0.217879
9977.000000 0.217402
9978.000000 0.216932
9979.000000 0.216465
9980.000000 0.216000
9981.000000 0.215535
9982.000000 0.215067
9983.000000 0.214594
9984.000000 0.214115
9985.000000 0.213628
9986.000000 0.213131
9987.000000 0.212621
9988.000000 0.212098
9989.000000 0.211558
9990.000000 0.211000
9991.000000 0.210423
9992.000000 0.209831
9993.000000 0.209226
9994.000000 0.208614
9995.000000 0.207997
9996.000000 0.207381
9997.000000 0.206770
9998.000000 0.206166
9999.000000 0.205575
10000.000000 0.205000
10001.000000 0.204444
10002.000000 0.203907
10003.000000 0.203386
10004.000000 0.202878
10005.000000 0.202382
10006.000000 0.201895
10007.000000 0.201416
10008.000000 0.200942
10009.000000 0.200471
10010.000000 0.200000
10011.000000 0.199528
10012.000000 0.199053
10013.000000 0.198575
10014.000000 0.198091
10015.000000 0.197600
10016.000000 0.197101
10017.000000 0.196593
10018.000000 0.196074
10019.000000 0.195544
10020.000000 0.195000
10021.000000 0.194442
10022.000000 0.193871
10023.000000 0.193289
10024.000000 0.192696
10025.000000 0.192094
10026.000000 0.191485
10027.000000 0.190869
10028.000000 0.190249
10029.000000 0.189625
10030.000000 0.189000
10031.000000 0.188374
10032.000000 0.187749
10033.000000 0.187128
10034.000000 0.186510
10035.000000 0.185899
10036.000000 0.185297
10037.000000 0.184704
10038.000000 0.184122
10039.000000 0.183554
10040.000000 0.183000
10041.000000 0.182462
10042.000000 0.181939
10043.000000 0.181428
10044.000000 0.180927
10045.000000 0.180433
10046.000000 0.179945
10047.000000 0.179460
10048.000000 0.178975
10049.000000 0.178489
10050.000000 0.178000
10051.000000 0.177505
10052.000000 0.177006
10053.000000 0.176503
10054.000000 0.175998
10055.000000 0.175493
10056.000000 0.174988
10057.000000 0.174485
10058.000000 0.173985
10059.000000 0.173490
10060.000000 0.173000
10061.000000 0.172517
10062.000000 0.172038
10063.000000 0.171560
10064.000000 0.171080
10065.000000 0.170596
10066.000000 0.170104
10067.000000 0.169601
10068.000000 0.169085
10069.000000 0.168552
10070.000000 0.168000
10071.000000 0.167427
10072.000000 0.166836
10073.000000 0.166231
10074.000000 0.165617
10075.000000 0.164999
10076.000000 0.164382
10077.000000 0.163768
10078.000000 0.163164
10079.000000 0.162573
10080.000000 0.162000
10081.000000 0.161448
10082.000000 0.160916
10083.000000 0.160400
10084.000000 0.159898
10085.000000 0.159406
10086.000000 0.158922
10087.000000 0.158442
10088.000000 0.157964
10089.000000 0.157484
10090.000000 0.157000
10091.000000 0.156509
10092.000000 0.156012
10093.000000 0.155510
10094.000000 0.155006
10095.000000 0.154500
10096.000000 0.153994
10097.000000 0.153489
10098.000000 0.152988
10099.000000 0.152491
10100.000000 0.152000
10101.000000 0.151516
10102.000000 0.151036
10103.000000 0.150558
10104.000000 0.150078
10105.000000 0.149594
10106.000000 0.149103
10107.000000 0.148600
10108.000000 0.148084
10109.000000 0.147552
10110.000000 0.147000
10111.000000 0.146427
10112.000000 0.145835
10113.000000 0.145230
10114.000000 0.144616
10115.000000 0.143998
10116.000000 0.143380
10117.000000 0.142767
10118.000000 0.142162
10119.000000 0.141572
10120.000000 0.141000
10121.000000 0.140450
10122.000000 0.139919
10123.000000 0.139405
10124.000000 0.138904
10125.000000 0.138413
10126.000000 0.137929
10127.000000 0.137449
10128.000000 0.136970
10129.000000 0.136488
10130.000000 0.136000
10131.000000 0.135504
10132.000000 0.135002
10133.000000 0.134494
10134.000000 0.133985
10135.000000 0.133475
10136.000000 0.132967
10137.000000 0.132464
10138.000000 0.131967
10139.000000 0.131478
10140.000000 0.131000
10141.000000 0.130535
10142.000000 0.130083
10143.000000 0.129645
10144.000000 0.129221
10145.000000 0.128812
10146.000000 0.128417
10147.000000 0.128039
10148.000000 0.127676
10149.000000 0.127330
10150.000000 0.127000
10151.000000 0.126687
10152.000000 0.126387
10153.000000 0.126097
10154.000000 0.125812
10155.000000 0.125528
10156.000000 0.125243
10157.000000 0.124951
10158.000000 0.124649
10159.000000 0.124334
10160.000000 0.124000
10161.000000 0.123646
10162.000000 0.123273
10163.000000 0.122885
10164.000000 0.122485
10165.000000 0.122075
10166.000000 0.121660
10167.000000 0.121241
10168.000000 0.120823
10169.000000 0.120408
10170.000000 0.120000
10171.000000 0.119601
10172.000000 0.119208
10173.000000 0.118820
10174.000000 0.118433
10175.000000 0.118046
10176.000000 0.117655
10177.000000 0.117257
10178.000000 0.116851
10179.000000 0.116433
10180.000000 0.116000
10181.000000 0.115551
10182.000000 0.115087
10183.000000 0.114608
10184.000000 0.114118
10185.000000 0.113616
10186.000000 0.113105
10187.000000 0.112587
10188.000000 0.112062
10189.000000 0.111532
10190.000000 0.111000
10191.000000 0.110466
10192.000000 0.109933
10193.000000 0.109404
10194.000000 0.108880
10195.000000 0.108365
10196.000000 0.107860
10197.000000 0.107369
10198.000000 0.106894
10199.000000 0.106437
10200.000000 0.106000
10201.000000 0.105585
10202.000000 0.105188
10203.000000 0.104803
10204.000000 0.104426
10205.000000 0.104049
10206.000000 0.103669
10207.000000 0.103279
10208.000000 0.102875
10209.000000 0.102450
10210.000000 0.102000
10211.000000 0.101521
10212.000000 0.101018
10213.000000 0.100499
10214.000000 0.099970
10215.000000 0.099438
10216.000000 0.098912
10217.000000 0.098398
10218.000000 0.097903
10219.000000 0.097435
10220.000000 0.097000
10221.000000 0.096604
10222.000000 0.096244
10223.000000 0.095913
10224.000000 0.095608
10225.000000 0.095322
10226.000000 0.095051
10227.000000 0.094788
10228.000000 0.094529
10229.000000 0.094268
10230.000000 0.094000
10231.000000 0.093721
10232.000000 0.093431
10233.000000 0.093134
10234.000000 0.092830
10235.000000 0.092523
10236.000000 0.092213
10237.000000 0.091904
10238.000000 0.091597
10239.000000 0.091295
10240.000000 0.091000
10241.000000 0.090713
10242.000000 0.090431
10243.000000 0.090151
10244.000000 0.089871
10245.000000 0.089588
10246.000000 0.089297
10247.000000 0.088996
10248.000000 0.088681
10249.000000 0.088351
10250.000000 0.088000
10251.000000 0.087628
10252.000000 0.087238
10253.000000 0.086834
10254.000000 0.086420
10255.000000 0.086002
10256.000000 0.085584
10257.000000 0.085170
10258.000000 0.084765
10259.000000 0.084374
10260.000000 0.084000
10261.000000 0.083648
10262.000000 0.083315
10263.000000 0.082998
10264.000000 0.082696
10265.000000 0.082404
10266.000000 0.082119
10267.000000 0.081840
10268.000000 0.081562
10269.000000 0.081283
10270.000000 0.081000
10271.000000 0.080711
10272.000000 0.080415
10273.000000 0.080116
10274.000000 0.079813
10275.000000 0.079508
10276.000000 0.079202
10277.000000 0.078898
10278.000000 0.078595
10279.000000 0.078295
10280.000000 0.078000
10281.000000 0.077710
10282.000000 0.077424
10283.000000 0.077139
10284.000000 0.076853
10285.000000 0.076564
10286.000000 0.076271
10287.000000 0.075969
10288.000000 0.075659
10289.000000 0.075336
10290.000000 0.075000
10291.000000 0.074648
10292.000000 0.074282
10293.000000 0.073902
10294.000000 0.073511
10295.000000 0.073109
10296.000000 0.072699
10297.000000 0.072281
10298.000000 0.071858
10299.000000 0.071431
10300.000000 0.071000
10301.000000 0.070568
10302.000000 0.070137
10303.000000 0.069710
10304.000000 0.069288
10305.000000 0.068873
10306.000000 0.068469
10307.000000 0.068078
10308.000000 0.067701
10309.000000 0.067341
10310.000000 0.067000
10311.000000 0.066680
10312.000000 0.066377
10313.000000 0.066086
10314.000000 0.065802
10315.000000 0.065522
10316.000000 0.065240
10317.000000 0.064951
10318.000000 0.064651
10319.000000 0.064336
10320.000000 0.064000
10321.000000 0.063640
10322.000000 0.063260
10323.000000 0.062863
10324.000000 0.062455
10325.000000 0.062039
10326.000000 0.061620
10327.000000 0.061202
10328.000000 0.060790
10329.000000 0.060388
10330.000000 0.060000
10331.000000 0.059630
10332.000000 0.059279
10333.000000 0.058944
10334.000000 0.058626
10335.000000 0.058323
10336.000000 0.058034
10337.000000 0.057758
10338.000000 0.057494
10339.000000 0.057242
10340.000000 0.057000
10341.000000 0.056768
10342.000000 0.056544
10343.000000 0.056329
10344.000000 0.056121
10345.000000 0.055920
10346.000000 0.055726
10347.000000 0.055537
10348.000000 0.055354
10349.000000 0.055175
10350.000000 0.055000
10351.000000 0.054828
10352.000000 0.054657
10353.000000 0.054484
10354.000000 0.054306
10355.000000 0.054121
10356.000000 0.053927
10357.000000 0.053720
10358.000000 0.053499
10359.000000 0.053259
10360.000000 0.053000
10361.000000 0.052719
10362.000000 0.052421
10363.000000 0.052110
10364.000000 0.051791
10365.000000 0.051469
10366.000000 0.051150
10367.000000 0.050839
10368.000000 0.050540
10369.000000 0.050259
10370.000000 0.050000
10371.000000 0.049767
10372.000000 0.049556
10373.000000 0.049362
10374.000000 0.049179
10375.000000 0.049001
10376.000000 0.048823
10377.000000 0.048640
10378.000000 0.048445
10379.000000 0.048234
10380.000000 0.048000
10381.000000 0.047740
10382.000000 0.047458
10383.000000 0.047158
10384.000000 0.046846
10385.000000 0.046526
10386.000000 0.046205
10387.000000 0.045886
10388.000000 0.045576
10389.000000 0.045279
10390.000000 0.045000
10391.000000 0.044744
10392.000000 0.044508
10393.000000 0.044290
10394.000000 0.044086
10395.000000 0.043894
10396.000000 0.043710
10397.000000 0.043532
10398.000000 0.043356
10399.000000 0.043180
10400.000000 0.043000
10401.000000 0.042814
10402.000000 0.042622
10403.000000 0.042426
10404.000000 0.042226
10405.000000 0.042023
10406.000000 0.041818
10407.000000 0.041613
10408.000000 0.041407
10409.000000 0.041203
10410.000000 0.041000
10411.000000 0.040800
10412.000000 0.040602
10413.000000 0.040406
10414.000000 0.040210
10415.000000 0.040014
10416.000000 0.039816
10417.000000 0.039617
10418.000000 0.039415
10419.000000 0.039210
10420.000000 0.039000
10421.000000 0.038786
10422.000000 0.038569
10423.000000 0.038351
10424.000000 0.038135
10425.000000 0.037923
10426.000000 0.037717
10427.000000 0.037519
10428.000000 0.037332
10429.000000 0.037159
10430.000000 0.037000
10431.000000 0.036858
10432.000000 0.036731
10433.000000 0.036618
10434.000000 0.036515
10435.000000 0.036421
10436.000000 0.036333
10437.000000 0.036249
10438.000000 0.036167
10439.000000 0.036085
10440.000000 0.036000
10441.000000 0.035911
10442.000000 0.035818
10443.000000 0.035721
10444.000000 0.035621
10445.000000 0.035519
10446.000000 0.035416
10447.000000 0.035312
10448.000000 0.035207
10449.000000 0.035103
10450.000000 0.035000
10451.000000 0.034898
10452.000000 0.034798
10453.000000 0.034699
10454.000000 0.034600
10455.000000 0.034501
10456.000000 0.034403
10457.000000 0.034304
10458.000000 0.034204
10459.000000 0.034103
10460.000000 0.034000
10461.000000 0.033896
10462.000000 0.033790
10463.000000 0.033684
10464.000000 0.033579
10465.000000 0.033475
10466.000000 0.033372
10467.000000 0.033273
10468.000000 0.033177
10469.000000 0.033086
10470.000000 0.033000
10471.000000 0.032919
10472.000000 0.032842
10473.000000 0.032764
10474.000000 0.032685
10475.000000 0.032600
10476.000000 0.032507
10477.000000 0.032404
10478.000000 0.032286
10479.000000 0.032153
10480.000000 0.032000
10481.000000 0.031826
10482.000000 0.031635
10483.000000 0.031431
10484.000000 0.031218
10485.000000 0.031000
10486.000000 0.030783
10487.000000 0.030569
10488.000000 0.030365
10489.000000 0.030174
10490.000000 0.030000
10491.000000 0.029847
10492.000000 0.029713
10493.000000 0.029596
10494.000000 0.029492
10495.000000 0.029399
10496.000000 0.029315
10497.000000 0.029235
10498.000000 0.029158
10499.000000 0.029081
10500.000000 0.029000
10501.000000 0.028914
10502.000000 0.028823
10503.000000 0.028728
10504.000000 0.028629
10505.000000 0.028527
10506.000000 0.028423
10507.000000 0.028317
10508.000000 0.028211
10509.000000 0.028105
10510.000000 0.028000
10511.000000 0.027896
10512.000000 0.027794
10513.000000 0.027693
10514.000000 0.027592
10515.000000 0.027493
10516.000000 0.027394
10517.000000 0.027295
10518.000000 0.027197
10519.000000 0.027099
10520.000000 0.027000
10521.000000 0.026901
10522.000000 0.026802
10523.000000 0.026702
10524.000000 0.026602
10525.000000 0.026502
10526.000000 0.026402
10527.000000 0.026301
10528.000000 0.026201
10529.000000 0.026100
10530.000000 0.026000
10531.000000 0.025900
10532.000000 0.025800
10533.000000 0.025699
10534.000000 0.025599
10535.000000 0.025499
10536.000000 0.025400
10537.000000 0.025300
10538.000000 0.025200
10539.000000 0.025100
10540.000000 0.025000
10541.000000 0.024900
10542.000000 0.024800
10543.000000 0.024700
10544.000000 0.024600
10545.000000 0.024500
10546.000000 0.024400
10547.000000 0.024300
10548.000000 0.024200
10549.000000 0.024100
10550.000000 0.024000
10551.000000 0.023900
10552.000000 0.023800
10553.000000 0.023700
10554.000000 0.023600
10555.000000 0.023500
10556.000000 0.023400
10557.000000 0.023300
10558.000000 0.023200
10559.000000 0.023100
10560.000000 0.023000
10561.000000 0.022900
10562.000000 0.022800
10563.000000 0.022700
10564.000000 0.022600
10565.000000 0.022500
10566.000000 0.022400
10567.000000 0.022300
10568.000000 0.022200
10569.000000 0.022100
10570.000000 0.022000
10571.000000 0.021900
10572.000000 0.021800
10573.000000 0.021700
10574.000000 0.021600
10575.000000 0.021500
10576.000000 0.021400
10577.000000 0.021300
10578.000000 0.021200
10579.000000 0.021100
10580.000000 0.021000
10581.000000 0.020900
10582.000000 0.020800
10583.000000 0.020700
10584.000000 0.020600
10585.000000 0.020500
10586.000000 0.020400
10587.000000 0.020300
10588.000000 0.020200
10589.000000 0.020100
10590.000000 0.020000
10591.000000 0.019900
10592.000000 0.019800
10593.000000 0.019700
10594.000000 0.019600
10595.000000 0.019499
10596.000000 0.019399
10597.000000 0.019299
10598.000000 0.019200
10599.000000 0.019100
10600.000000 0.019000
10601.000000 0.018900
10602.000000 0.018801
10603.000000 0.018701
10604.000000 0.018602
10605.000000 0.018502
10606.000000 0.018402
10607.000000 0.018302
10608.000000 0.018202
10609.000000 0.018101
10610.000000 0.018000
10611.000000 0.017899
10612.000000 0.017797
10613.000000 0.017695
10614.000000 0.017593
10615.000000 0.017492
10616.000000 0.017392
10617.000000 0.017292
10618.000000 0.017193
10619.000000 0.017096
10620.000000 0.017000
10621.000000 0.016906
10622.000000 0.016812
10623.000000 0.016719
10624.000000 0.016624
10625.000000 0.016529
10626.000000 0.016431
10627.000000 0.016330
10628.000000 0.016225
10629.000000 0.016115
10630.000000 0.016000
10631.000000 0.015879
10632.000000 0.015755
10633.000000 0.015631
10634.000000 0.015509
10635.000000 0.015392
10636.000000 0.015285
10637.000000 0.015189
10638.000000 0.015107
10639.000000 0.015043
10640.000000 0.015000
10641.000000 0.014979
10642.000000 0.014976
10643.000000 0.014986
10644.000000 0.015005
10645.000000 0.015026
10646.000000 0.015046
10647.000000 0.015058
10648.000000 0.015058
10649.000000 0.015040
10650.000000 0.015000
10651.000000 0.014934
10652.000000 0.014845
10653.000000 0.014740
10654.000000 0.014624
10655.000000 0.014502
10656.000000 0.014380
10657.000000 0.014263
10658.000000 0.014157
10659.000000 0.014068
10660.000000 0.014000
10661.000000 0.013958
10662.000000 0.013938
10663.000000 0.013937
10664.000000 0.013947
10665.000000 0.013965
10666.000000 0.013987
10667.000000 0.014006
10668.000000 0.014017
10669.000000 0.014017
10670.000000 0.014000
10671.000000 0.013962
10672.000000 0.013905
10673.000000 0.013830
10674.000000 0.013739
10675.000000 0.013636
10676.000000 0.013522
10677.000000 0.013399
10678.000000 0.013269
10679.000000 0.013136
10680.000000 0.013000
10681.000000 0.012864
10682.000000 0.012731
10683.000000 0.012602
10684.000000 0.012479
10685.000000 0.012366
10686.000000 0.012262
10687.000000 0.012172
10688.000000 0.012097
10689.000000 0.012039
10690.000000 0.012000
10691.000000 0.011981
10692.000000 0.011980
10693.000000 0.011990
10694.000000 0.012007
10695.000000 0.012027
10696.000000 0.012045
10697.000000 0.012056
10698.000000 0.012055
10699.000000 0.012038
10700.000000 0.012000
10701.000000 0.011938
10702.000000 0.011855
10703.000000 0.011756
10704.000000 0.011645
10705.000000 0.011527
10706.000000 0.011407
10707.000000 0.011290
10708.000000 0.011180
10709.000000 0.011081
10710.000000 0.011000
10711.000000 0.010939
10712.000000 0.010897
10713.000000 0.010872
10714.000000 0.010862
10715.000000 0.010865
10716.000000 0.010879
10717.000000 0.010902
10718.000000 0.010931
10719.000000 0.010964
10720.000000 0.011000
10721.000000 0.011036
10722.000000 0.011070
10723.000000 0.011099
10724.000000 0.011122
10725.000000 0.011137
10726.000000 0.011140
10727.000000 0.011130
10728.000000 0.011105
10729.000000 0.011062
10730.000000 0.011000
10731.000000 0.010917
10732.000000 0.010817
10733.000000 0.010704
10734.000000 0.010585
10735.000000 0.010464
10736.000000 0.010345
10737.000000 0.010235
10738.000000 0.010137
10739.000000 0.010057
10740.000000 0.010000
10741.000000 0.009969
10742.000000 0.009960
10743.000000 0.009968
10744.000000 0.009986
10745.000000 0.010009
10746.000000 0.010032
10747.000000 0.010048
10748.000000 0.010052
10749.000000 0.010038
10750.000000 0.010000
10751.000000 0.009935
10752.000000 0.009847
10753.000000 0.009741
10754.000000 0.009623
10755.000000 0.009500
10756.000000 0.009377
10757.000000 0.009259
10758.000000 0.009153
10759.000000 0.009065
10760.000000 0.009000
10761.000000 0.008962
10762.000000 0.008949
10763.000000 0.008952
10764.000000 0.008969
10765.000000 0.008991
10766.000000 0.009014
10767.000000 0.009032
10768.000000 0.009040
10769.000000 0.009031
10770.000000 0.009000
10771.000000 0.008943
10772.000000 0.008863
10773.000000 0.008765
10774.000000 0.008654
10775.000000 0.008536
10776.000000 0.008414
10777.000000 0.008295
10778.000000 0.008183
10779.000000 0.008083
10780.000000 0.008000
10781.000000 0.007938
10782.000000 0.007896
10783.000000 0.007871
10784.000000 0.007862
10785.000000 0.007865
10786.000000 0.007880
10787.000000 0.007903
10788.000000 0.007932
10789.000000 0.007965
10790.000000 0.008000
10791.000000 0.008034
10792.000000 0.008066
10793.000000 0.008094
10794.000000 0.008115
10795.000000 0.008128
10796.000000 0.008130
10797.000000 0.008121
10798.000000 0.008097
10799.000000 0.008057
10800.000000 0.008000
10801.000000 0.007924
10802.000000 0.007831
10803.000000 0.007727
10804.000000 0.007615
10805.000000 0.007499
10806.000000 0.007384
10807.000000 0.007272
10808.000000 0.007168
10809.000000 0.007076
10810.000000 0.007000
10811.000000 0.006943
10812.000000 0.006904
10813.000000 0.006881
10814.000000 0.006872
10815.000000 0.006875
10816.000000 0.006887
10817.000000 0.006908
10818.000000 0.006936
10819.000000 0.006967
10820.000000 0.007000
10821.000000 0.007033
10822.000000 0.007065
10823.000000 0.007093
10824.000000 0.007114
10825.000000 0.007127
10826.000000 0.007131
10827.000000 0.007121
10828.000000 0.007098
10829.000000 0.007058
10830.000000 0.007000
10831.000000 0.006922
10832.000000 0.006828
10833.000000 0.006722
10834.000000 0.006608
10835.000000 0.006491
10836.000000 0.006374
10837.000000 0.006263
10838.000000 0.006160
10839.000000 0.006071
10840.000000 0.006000
10841.000000 0.005950
10842.000000 0.005918
10843.000000 0.005903
10844.000000 0.005901
10845.000000 0.005909
10846.000000 0.005924
10847.000000 0.005944
10848.000000 0.005965
10849.000000 0.005985
10850.000000 0.006000
10851.000000 0.006009
10852.000000 0.006011
10853.000000 0.006010
10854.000000 0.006005
10855.000000 0.005999
10856.000000 0.005993
10857.000000 0.005989
10858.000000 0.005988
10859.000000 0.005991
10860.000000 0.006000
10861.000000 0.006016
10862.000000 0.006036
10863.000000 0.006058
10864.000000 0.006078
10865.000000 0.006094
10866.000000 0.006102
10867.000000 0.006100
10868.000000 0.006084
10869.000000 0.006052
10870.000000 0.006000
10871.000000 0.005927
10872.000000 0.005836
10873.000000 0.005731
10874.000000 0.005618
10875.000000 0.005500
10876.000000 0.005382
10877.000000 0.005268
10878.000000 0.005164
10879.000000 0.005073
10880.000000 0.005000
10881.000000 0.004948
10882.000000 0.004916
10883.000000 0.004900
10884.000000 0.004898
10885.000000 0.004906
10886.000000 0.004922
10887.000000 0.004942
10888.000000 0.004964
10889.000000 0.004984
10890.000000 0.005000
10891.000000 0.005009
10892.000000 0.005012
10893.000000 0.005010
10894.000000 0.005006
10895.000000 0.005000
10896.000000 0.004994
10897.000000 0.004989
10898.000000 0.004988
10899.000000 0.004991
10900.000000 0.005000
10901.000000 0.005016
10902.000000 0.005036
10903.000000 0.005058
10904.000000 0.005078
10905.000000 0.005094
10906.000000 0.005102
10907.000000 0.005100
10908.000000 0.005084
10909.000000 0.005052
10910.000000 0.005000
10911.000000 0.004927
10912.000000 0.004836
10913.000000 0.004732
10914.000000 0.004618
10915.000000 0.004500
10916.000000 0.004382
10917.000000 0.004269
10918.000000 0.004164
10919.000000 0.004073
10920.000000 0.004000
10921.000000 0.003948
10922.000000 0.003916
10923.000000 0.003900
10924.000000 0.003898
10925.000000 0.003906
10926.000000 0.003922
10927.000000 0.003942
10928.000000 0.003964
10929.000000 0.003984
10930.000000 0.004000
10931.000000 0.004009
10932.000000 0.004012
10933.000000 0.004011
10934.000000 0.004006
10935.000000 0.004000
10936.000000 0.003994
10937.000000 0.003990
10938.000000 0.003988
10939.000000 0.003991
10940.000000 0.004000
10941.000000 0.004016
10942.000000 0.004036
10943.000000 0.004058
10944.000000 0.004078
10945.000000 0.004093
10946.000000 0.004102
10947.000000 0.004099
10948.000000 0.004084
10949.000000 0.004052
10950.000000 0.004000
10951.000000 0.003927
10952.000000 0.003837
10953.000000 0.003732
10954.000000 0.003619
10955.000000 0.003501
10956.000000 0.003383
10957.000000 0.003270
10958.000000 0.003165
10959.000000 0.003074
10960.000000 0.003000
10961.000000 0.002947
10962.000000 0.002914
10963.000000 0.002897
10964.000000 0.002894
10965.000000 0.002902
10966.000000 0.002917
10967.000000 0.002937
10968.000000 0.002960
10969.000000 0.002982
10970.000000 0.003000
10971.000000 0.003012
10972.000000 0.003019
10973.000000 0.003022
10974.000000 0.003021
10975.000000 0.003017
10976.000000 0.003013
10977.000000 0.003008
10978.000000 0.003003
10979.000000 0.003000
10980.000000 0.003000
10981.000000 0.003003
10982.000000 0.003009
10983.000000 0.003016
10984.000000 0.003023
10985.000000 0.003028
10986.000000 0.003032
10987.000000 0.003032
10988.000000 0.003028
10989.000000 0.003017
10990.000000 0.003000
10991.000000 0.002974
10992.000000 0.002938
10993.000000 0.002889
10994.000000 0.002825
10995.000000 0.002744
10996.000000 0.002643
10997.000000 0.002520
10998.000000 0.002374
10999.000000 0.002201
11000.000000 0.002000
