# g_p1
# photon
# PS1 g, 1.2 airmass
3900.000000 0.001000
3901.000000 0.001041
3902.000000 0.001069
3903.000000 0.001086
3904.000000 0.001092
3905.000000 0.001089
3906.000000 0.001079
3907.000000 0.001064
3908.000000 0.001045
3909.000000 0.001023
3910.000000 0.001000
3911.000000 0.000978
3912.000000 0.000957
3913.000000 0.000940
3914.000000 0.000927
3915.000000 0.000919
3916.000000 0.000917
3917.000000 0.000923
3918.000000 0.000939
3919.000000 0.000964
3920.000000 0.001000
3921.000000 0.001048
3922.000000 0.001109
3923.000000 0.001182
3924.000000 0.001266
3925.000000 0.001361
3926.000000 0.001468
3927.000000 0.001585
3928.000000 0.001713
3929.000000 0.001851
3930.000000 0.002000
3931.000000 0.002158
3932.000000 0.002326
3933.000000 0.002504
3934.000000 0.002691
3935.000000 0.002887
3936.000000 0.003092
3937.000000 0.003306
3938.000000 0.003529
3939.000000 0.003760
3940.000000 0.004000
3941.000000 0.004248
3942.000000 0.004505
3943.000000 0.004772
3944.000000 0.005050
3945.000000 0.005340
3946.000000 0.005643
3947.000000 0.005959
3948.000000 0.006290
3949.000000 0.006637
3950.000000 0.007000
3951.000000 0.007381
3952.000000 0.007781
3953.000000 0.008204
3954.000000 0.008652
3955.000000 0.009127
3956.000000 0.009632
3957.000000 0.010169
3958.000000 0.010741
3959.000000 0.011351
3960.000000 0.012000
3961.000000 0.012692
3962.000000 0.013426
3963.000000 0.014206
3964.000000 0.015031
3965.000000 0.015903
3966.000000 0.016822
3967.000000 0.017791
3968.000000 0.018809
3969.000000 0.019879
3970.000000 0.021000
3971.000000 0.022174
3972.000000 0.023401
3973.000000 0.024679
3974.000000 0.026008
3975.000000 0.027387
3976.000000 0.028815
3977.000000 0.030291
3978.000000 0.031814
3979.000000 0.033384
3980.000000 0.035000
3981.000000 0.036660
3982.000000 0.038361
3983.000000 0.040100
3984.000000 0.041872
3985.000000 0.043674
3986.000000 0.045502
3987.000000 0.047353
3988.000000 0.049222
3989.000000 0.051105
3990.000000 0.053000
3991.000000 0.054903
3992.000000 0.056817
3993.000000 0.058747
3994.000000 0.060695
3995.000000 0.062666
3996.000000 0.064663
3997.000000 0.066692
3998.000000 0.068755
3999.000000 0.070856
4000.000000 0.073000
4001.000000 0.075188
4002.000000 0.077417
4003.000000 0.079681
4004.000000 0.081973
4005.000000 0.084288
4006.000000 0.086620
4007.000000 0.088963
4008.000000 0.091311
4009.000000 0.093659
4010.000000 0.096000
4011.000000 0.098329
4012.000000 0.100641
4013.000000 0.102932
4014.000000 0.105197
4015.000000 0.107432
4016.000000 0.109633
4017.000000 0.111794
4018.000000 0.113912
4019.000000 0.115982
4020.000000 0.118000
4021.000000 0.119962
4022.000000 0.121866
4023.000000 0.123713
4024.000000 0.125502
4025.000000 0.127233
4026.000000 0.128905
4027.000000 0.130519
4028.000000 0.132072
4029.000000 0.133566
4030.000000 0.135000
4031.000000 0.136374
4032.000000 0.137694
4033.000000 0.138965
4034.000000 0.140193
4035.000000 0.141385
4036.000000 0.142546
4037.000000 0.143682
4038.000000 0.144799
4039.000000 0.145903
4040.000000 0.147000
4041.000000 0.148094
4042.000000 0.149182
4043.000000 0.150258
4044.000000 0.151316
4045.000000 0.152352
4046.000000 0.153359
4047.000000 0.154333
4048.000000 0.155268
4049.000000 0.156159
4050.000000 0.157000
4051.000000 0.157787
4052.000000 0.158523
4053.000000 0.159211
4054.000000 0.159855
4055.000000 0.160458
4056.000000 0.161025
4057.000000 0.161559
4058.000000 0.162063
4059.000000 0.162543
4060.000000 0.163000
4061.000000 0.163439
4062.000000 0.163863
4063.000000 0.164273
4064.000000 0.164674
4065.000000 0.165066
4066.000000 0.165453
4067.000000 0.165838
4068.000000 0.166222
4069.000000 0.166608
4070.000000 0.167000
4071.000000 0.167398
4072.000000 0.167802
4073.000000 0.168210
4074.000000 0.168619
4075.000000 0.169028
4076.000000 0.169435
4077.000000 0.169837
4078.000000 0.170233
4079.000000 0.170622
4080.000000 0.171000
4081.000000 0.171367
4082.000000 0.171728
4083.000000 0.172087
4084.000000 0.172450
4085.000000 0.172822
4086.000000 0.173208
4087.000000 0.173614
4088.000000 0.174044
4089.000000 0.174505
4090.000000 0.175000
4091.000000 0.175534
4092.000000 0.176101
4093.000000 0.176695
4094.000000 0.177308
4095.000000 0.177933
4096.000000 0.178564
4097.000000 0.179193
4098.000000 0.179813
4099.000000 0.180418
4100.000000 0.181000
4101.000000 0.181554
4102.000000 0.182084
4103.000000 0.182593
4104.000000 0.183087
4105.000000 0.183571
4106.000000 0.184049
4107.000000 0.184526
4108.000000 0.185007
4109.000000 0.185497
4110.000000 0.186000
4111.000000 0.186521
4112.000000 0.187060
4113.000000 0.187617
4114.000000 0.188191
4115.000000 0.188783
4116.000000 0.189393
4117.000000 0.190019
4118.000000 0.190663
4119.000000 0.191323
4120.000000 0.192000
4121.000000 0.192693
4122.000000 0.193397
4123.000000 0.194111
4124.000000 0.194828
4125.000000 0.195546
4126.000000 0.196260
4127.000000 0.196967
4128.000000 0.197662
4129.000000 0.198341
4130.000000 0.199000
4131.000000 0.199636
4132.000000 0.200247
4133.000000 0.200830
4134.000000 0.201384
4135.000000 0.201908
4136.000000 0.202398
4137.000000 0.202855
4138.000000 0.203275
4139.000000 0.203657
4140.000000 0.204000
4141.000000 0.204302
4142.000000 0.204568
4143.000000 0.204803
4144.000000 0.205011
4145.000000 0.205199
4146.000000 0.205370
4147.000000 0.205531
4148.000000 0.205686
4149.000000 0.205841
4150.000000 0.206000
4151.000000 0.206168
4152.000000 0.206345
4153.000000 0.206530
4154.000000 0.206722
4155.000000 0.206922
4156.000000 0.207128
4157.000000 0.207339
4158.000000 0.207556
4159.000000 0.207776
4160.000000 0.208000
4161.000000 0.208227
4162.000000 0.208461
4163.000000 0.208705
4164.000000 0.208963
4165.000000 0.209238
4166.000000 0.209534
4167.000000 0.209854
4168.000000 0.210203
4169.000000 0.210584
4170.000000 0.211000
4171.000000 0.211454
4172.000000 0.211946
4173.000000 0.212473
4174.000000 0.213034
4175.000000 0.213627
4176.000000 0.214249
4177.000000 0.214899
4178.000000 0.215576
4179.000000 0.216277
4180.000000 0.217000
4181.000000 0.217744
4182.000000 0.218506
4183.000000 0.219285
4184.000000 0.220077
4185.000000 0.220881
4186.000000 0.221695
4187.000000 0.222516
4188.000000 0.223342
4189.000000 0.224170
4190.000000 0.225000
4191.000000 0.225828
4192.000000 0.226653
4193.000000 0.227475
4194.000000 0.228290
4195.000000 0.229099
4196.000000 0.229900
4197.000000 0.230692
4198.000000 0.231474
4199.000000 0.232243
4200.000000 0.233000
4201.000000 0.233743
4202.000000 0.234472
4203.000000 0.235190
4204.000000 0.235898
4205.000000 0.236597
4206.000000 0.237287
4207.000000 0.237972
4208.000000 0.238651
4209.000000 0.239327
4210.000000 0.240000
4211.000000 0.240671
4212.000000 0.241337
4213.000000 0.241994
4214.000000 0.242638
4215.000000 0.243265
4216.000000 0.243870
4217.000000 0.244450
4218.000000 0.245001
4219.000000 0.245519
4220.000000 0.246000
4221.000000 0.246441
4222.000000 0.246843
4223.000000 0.247209
4224.000000 0.247542
4225.000000 0.247845
4226.000000 0.248121
4227.000000 0.248371
4228.000000 0.248599
4229.000000 0.248808
4230.000000 0.249000
4231.000000 0.249177
4232.000000 0.249340
4233.000000 0.249487
4234.000000 0.249617
4235.000000 0.249730
4236.000000 0.249824
4237.000000 0.249899
4238.000000 0.249954
4239.000000 0.249988
4240.000000 0.250000
4241.000000 0.249991
4242.000000 0.249966
4243.000000 0.249931
4244.000000 0.249894
4245.000000 0.249862
4246.000000 0.249840
4247.000000 0.249837
4248.000000 0.249857
4249.000000 0.249910
4250.000000 0.250000
4251.000000 0.250134
4252.000000 0.250310
4253.000000 0.250527
4254.000000 0.250782
4255.000000 0.251074
4256.000000 0.251399
4257.000000 0.251757
4258.000000 0.252144
4259.000000 0.252559
4260.000000 0.253000
4261.000000 0.253465
4262.000000 0.253954
4263.000000 0.254471
4264.000000 0.255017
4265.000000 0.255593
4266.000000 0.256202
4267.000000 0.256846
4268.000000 0.257525
4269.000000 0.258243
4270.000000 0.259000
4271.000000 0.259798
4272.000000 0.260632
4273.000000 0.261498
4274.000000 0.262390
4275.000000 0.263303
4276.000000 0.264231
4277.000000 0.265171
4278.000000 0.266115
4279.000000 0.267060
4280.000000 0.268000
4281.000000 0.268931
4282.000000 0.269852
4283.000000 0.270766
4284.000000 0.271671
4285.000000 0.272571
4286.000000 0.273464
4287.000000 0.274353
4288.000000 0.275238
4289.000000 0.276120
4290.000000 0.277000
4291.000000 0.277879
4292.000000 0.278758
4293.000000 0.279640
4294.000000 0.280525
4295.000000 0.281415
4296.000000 0.282312
4297.000000 0.283217
4298.000000 0.284133
4299.000000 0.285060
4300.000000 0.286000
4301.000000 0.286954
4302.000000 0.287915
4303.000000 0.288876
4304.000000 0.289830
4305.000000 0.290770
4306.000000 0.291689
4307.000000 0.292578
4308.000000 0.293431
4309.000000 0.294241
4310.000000 0.295000
4311.000000 0.295703
4312.000000 0.296351
4313.000000 0.296948
4314.000000 0.297498
4315.000000 0.298004
4316.000000 0.298469
4317.000000 0.298898
4318.000000 0.299294
4319.000000 0.299660
4320.000000 0.300000
4321.000000 0.300317
4322.000000 0.300610
4323.000000 0.300879
4324.000000 0.301123
4325.000000 0.301340
4326.000000 0.301530
4327.000000 0.301692
4328.000000 0.301825
4329.000000 0.301928
4330.000000 0.302000
4331.000000 0.302041
4332.000000 0.302057
4333.000000 0.302053
4334.000000 0.302036
4335.000000 0.302011
4336.000000 0.301986
4337.000000 0.301966
4338.000000 0.301958
4339.000000 0.301967
4340.000000 0.302000
4341.000000 0.302062
4342.000000 0.302155
4343.000000 0.302278
4344.000000 0.302431
4345.000000 0.302615
4346.000000 0.302830
4347.000000 0.303076
4348.000000 0.303353
4349.000000 0.303661
4350.000000 0.304000
4351.000000 0.304371
4352.000000 0.304772
4353.000000 0.305204
4354.000000 0.305664
4355.000000 0.306154
4356.000000 0.306671
4357.000000 0.307214
4358.000000 0.307784
4359.000000 0.308380
4360.000000 0.309000
4361.000000 0.309644
4362.000000 0.310308
4363.000000 0.310990
4364.000000 0.311687
4365.000000 0.312395
4366.000000 0.313112
4367.000000 0.313834
4368.000000 0.314558
4369.000000 0.315281
4370.000000 0.316000
4371.000000 0.316713
4372.000000 0.317419
4373.000000 0.318121
4374.000000 0.318819
4375.000000 0.319515
4376.000000 0.320209
4377.000000 0.320904
4378.000000 0.321600
4379.000000 0.322298
4380.000000 0.323000
4381.000000 0.323706
4382.000000 0.324416
4383.000000 0.325127
4384.000000 0.325837
4385.000000 0.326546
4386.000000 0.327251
4387.000000 0.327950
4388.000000 0.328643
4389.000000 0.329327
4390.000000 0.330000
4391.000000 0.330661
4392.000000 0.331310
4393.000000 0.331946
4394.000000 0.332568
4395.000000 0.333177
4396.000000 0.333772
4397.000000 0.334351
4398.000000 0.334916
4399.000000 0.335466
4400.000000 0.336000
4401.000000 0.336517
4402.000000 0.337016
4403.000000 0.337493
4404.000000 0.337945
4405.000000 0.338371
4406.000000 0.338767
4407.000000 0.339131
4408.000000 0.339459
4409.000000 0.339750
4410.000000 0.340000
4411.000000 0.340208
4412.000000 0.340379
4413.000000 0.340516
4414.000000 0.340626
4415.000000 0.340714
4416.000000 0.340784
4417.000000 0.340843
4418.000000 0.340895
4419.000000 0.340946
4420.000000 0.341000
4421.000000 0.341063
4422.000000 0.341134
4423.000000 0.341214
4424.000000 0.341303
4425.000000 0.341399
4426.000000 0.341504
4427.000000 0.341617
4428.000000 0.341737
4429.000000 0.341865
4430.000000 0.342000
4431.000000 0.342142
4432.000000 0.342293
4433.000000 0.342455
4434.000000 0.342628
4435.000000 0.342814
4436.000000 0.343015
4437.000000 0.343233
4438.000000 0.343468
4439.000000 0.343724
4440.000000 0.344000
4441.000000 0.344299
4442.000000 0.344620
4443.000000 0.344964
4444.000000 0.345331
4445.000000 0.345720
4446.000000 0.346132
4447.000000 0.346565
4448.000000 0.347021
4449.000000 0.347500
4450.000000 0.348000
4451.000000 0.348522
4452.000000 0.349065
4453.000000 0.349628
4454.000000 0.350208
4455.000000 0.350806
4456.000000 0.351419
4457.000000 0.352046
4458.000000 0.352686
4459.000000 0.353338
4460.000000 0.354000
4461.000000 0.354671
4462.000000 0.355351
4463.000000 0.356038
4464.000000 0.356732
4465.000000 0.357432
4466.000000 0.358137
4467.000000 0.358848
4468.000000 0.359562
4469.000000 0.360280
4470.000000 0.361000
4471.000000 0.361722
4472.000000 0.362444
4473.000000 0.363165
4474.000000 0.363881
4475.000000 0.364592
4476.000000 0.365296
4477.000000 0.365991
4478.000000 0.366674
4479.000000 0.367344
4480.000000 0.368000
4481.000000 0.368639
4482.000000 0.369264
4483.000000 0.369877
4484.000000 0.370479
4485.000000 0.371074
4486.000000 0.371662
4487.000000 0.372247
4488.000000 0.372830
4489.000000 0.373413
4490.000000 0.374000
4491.000000 0.374591
4492.000000 0.375186
4493.000000 0.375785
4494.000000 0.376386
4495.000000 0.376988
4496.000000 0.377592
4497.000000 0.378196
4498.000000 0.378799
4499.000000 0.379401
4500.000000 0.380000
4501.000000 0.380597
4502.000000 0.381191
4503.000000 0.381784
4504.000000 0.382378
4505.000000 0.382973
4506.000000 0.383570
4507.000000 0.384170
4508.000000 0.384774
4509.000000 0.385384
4510.000000 0.386000
4511.000000 0.386623
4512.000000 0.387250
4513.000000 0.387878
4514.000000 0.388502
4515.000000 0.389121
4516.000000 0.389730
4517.000000 0.390326
4518.000000 0.390905
4519.000000 0.391464
4520.000000 0.392000
4521.000000 0.392510
4522.000000 0.392993
4523.000000 0.393452
4524.000000 0.393885
4525.000000 0.394294
4526.000000 0.394680
4527.000000 0.395042
4528.000000 0.395383
4529.000000 0.395702
4530.000000 0.396000
4531.000000 0.396278
4532.000000 0.396537
4533.000000 0.396776
4534.000000 0.396998
4535.000000 0.397203
4536.000000 0.397392
4537.000000 0.397565
4538.000000 0.397724
4539.000000 0.397869
4540.000000 0.398000
4541.000000 0.398118
4542.000000 0.398221
4543.000000 0.398303
4544.000000 0.398361
4545.000000 0.398392
4546.000000 0.398392
4547.000000 0.398356
4548.000000 0.398281
4549.000000 0.398164
4550.000000 0.398000
4551.000000 0.397787
4552.000000 0.397525
4553.000000 0.397218
4554.000000 0.396868
4555.000000 0.396478
4556.000000 0.396049
4557.000000 0.395584
4558.000000 0.395086
4559.000000 0.394557
4560.000000 0.394000
4561.000000 0.393417
4562.000000 0.392814
4563.000000 0.392197
4564.000000 0.391573
4565.000000 0.390946
4566.000000 0.390324
4567.000000 0.389713
4568.000000 0.389117
4569.000000 0.388544
4570.000000 0.388000
4571.000000 0.387489
4572.000000 0.387010
4573.000000 0.386560
4574.000000 0.386136
4575.000000 0.385736
4576.000000 0.385358
4577.000000 0.384998
4578.000000 0.384653
4579.000000 0.384321
4580.000000 0.384000
4581.000000 0.383687
4582.000000 0.383387
4583.000000 0.383104
4584.000000 0.382843
4585.000000 0.382608
4586.000000 0.382404
4587.000000 0.382237
4588.000000 0.382111
4589.000000 0.382030
4590.000000 0.382000
4591.000000 0.382023
4592.000000 0.382098
4593.000000 0.382219
4594.000000 0.382381
4595.000000 0.382582
4596.000000 0.382816
4597.000000 0.383080
4598.000000 0.383367
4599.000000 0.383676
4600.000000 0.384000
4601.000000 0.384337
4602.000000 0.384686
4603.000000 0.385048
4604.000000 0.385423
4605.000000 0.385813
4606.000000 0.386218
4607.000000 0.386639
4608.000000 0.387075
4609.000000 0.387529
4610.000000 0.388000
4611.000000 0.388489
4612.000000 0.388991
4613.000000 0.389503
4614.000000 0.390021
4615.000000 0.390540
4616.000000 0.391055
4617.000000 0.391563
4618.000000 0.392060
4619.000000 0.392540
4620.000000 0.393000
4621.000000 0.393436
4622.000000 0.393846
4623.000000 0.394228
4624.000000 0.394581
4625.000000 0.394903
4626.000000 0.395194
4627.000000 0.395450
4628.000000 0.395671
4629.000000 0.395855
4630.000000 0.396000
4631.000000 0.396106
4632.000000 0.396177
4633.000000 0.396217
4634.000000 0.396230
4635.000000 0.396222
4636.000000 0.396195
4637.000000 0.396155
4638.000000 0.396106
4639.000000 0.396053
4640.000000 0.396000
4641.000000 0.395951
4642.000000 0.395908
4643.000000 0.395874
4644.000000 0.395849
4645.000000 0.395835
4646.000000 0.395835
4647.000000 0.395850
4648.000000 0.395881
4649.000000 0.395930
4650.000000 0.396000
4651.000000 0.396090
4652.000000 0.396197
4653.000000 0.396315
4654.000000 0.396438
4655.000000 0.396562
4656.000000 0.396681
4657.000000 0.396789
4658.000000 0.396882
4659.000000 0.396954
4660.000000 0.397000
4661.000000 0.397016
4662.000000 0.397008
4663.000000 0.396984
4664.000000 0.396951
4665.000000 0.396917
4666.000000 0.396890
4667.000000 0.396877
4668.000000 0.396886
4669.000000 0.396924
4670.000000 0.397000
4671.000000 0.397118
4672.000000 0.397274
4673.000000 0.397460
4674.000000 0.397669
4675.000000 0.397894
4676.000000 0.398128
4677.000000 0.398362
4678.000000 0.398591
4679.000000 0.398806
4680.000000 0.399000
4681.000000 0.399168
4682.000000 0.399311
4683.000000 0.399434
4684.000000 0.399539
4685.000000 0.399630
4686.000000 0.399711
4687.000000 0.399785
4688.000000 0.399855
4689.000000 0.399926
4690.000000 0.400000
4691.000000 0.400081
4692.000000 0.400168
4693.000000 0.400261
4694.000000 0.400359
4695.000000 0.400461
4696.000000 0.400565
4697.000000 0.400673
4698.000000 0.400781
4699.000000 0.400891
4700.000000 0.401000
4701.000000 0.401108
4702.000000 0.401216
4703.000000 0.401322
4704.000000 0.401426
4705.000000 0.401528
4706.000000 0.401628
4707.000000 0.401725
4708.000000 0.401820
4709.000000 0.401912
4710.000000 0.402000
4711.000000 0.402085
4712.000000 0.402169
4713.000000 0.402252
4714.000000 0.402338
4715.000000 0.402428
4716.000000 0.402523
4717.000000 0.402626
4718.000000 0.402739
4719.000000 0.402863
4720.000000 0.403000
4721.000000 0.403152
4722.000000 0.403317
4723.000000 0.403496
4724.000000 0.403686
4725.000000 0.403886
4726.000000 0.404095
4727.000000 0.404312
4728.000000 0.404536
4729.000000 0.404766
4730.000000 0.405000
4731.000000 0.405238
4732.000000 0.405482
4733.000000 0.405735
4734.000000 0.406000
4735.000000 0.406279
4736.000000 0.406577
4737.000000 0.406894
4738.000000 0.407236
4739.000000 0.407603
4740.000000 0.408000
4741.000000 0.408428
4742.000000 0.408883
4743.000000 0.409362
4744.000000 0.409860
4745.000000 0.410372
4746.000000 0.410894
4747.000000 0.411423
4748.000000 0.411953
4749.000000 0.412480
4750.000000 0.413000
4751.000000 0.413509
4752.000000 0.414010
4753.000000 0.414504
4754.000000 0.414994
4755.000000 0.415483
4756.000000 0.415974
4757.000000 0.416468
4758.000000 0.416969
4759.000000 0.417478
4760.000000 0.418000
4761.000000 0.418535
4762.000000 0.419085
4763.000000 0.419649
4764.000000 0.420228
4765.000000 0.420820
4766.000000 0.421427
4767.000000 0.422049
4768.000000 0.422685
4769.000000 0.423335
4770.000000 0.424000
4771.000000 0.424679
4772.000000 0.425370
4773.000000 0.426069
4774.000000 0.426776
4775.000000 0.427486
4776.000000 0.428197
4777.000000 0.428907
4778.000000 0.429612
4779.000000 0.430311
4780.000000 0.431000
4781.000000 0.431677
4782.000000 0.432341
4783.000000 0.432989
4784.000000 0.433622
4785.000000 0.434236
4786.000000 0.434832
4787.000000 0.435408
4788.000000 0.435962
4789.000000 0.436493
4790.000000 0.437000
4791.000000 0.437482
4792.000000 0.437940
4793.000000 0.438377
4794.000000 0.438794
4795.000000 0.439193
4796.000000 0.439578
4797.000000 0.439948
4798.000000 0.440308
4799.000000 0.440657
4800.000000 0.441000
4801.000000 0.441337
4802.000000 0.441667
4803.000000 0.441991
4804.000000 0.442307
4805.000000 0.442615
4806.000000 0.442914
4807.000000 0.443202
4808.000000 0.443480
4809.000000 0.443746
4810.000000 0.444000
4811.000000 0.444241
4812.000000 0.444470
4813.000000 0.444689
4814.000000 0.444897
4815.000000 0.445096
4816.000000 0.445288
4817.000000 0.445474
4818.000000 0.445653
4819.000000 0.445828
4820.000000 0.446000
4821.000000 0.446170
4822.000000 0.446339
4823.000000 0.446512
4824.000000 0.446689
4825.000000 0.446874
4826.000000 0.447069
4827.000000 0.447277
4828.000000 0.447499
4829.000000 0.447740
4830.000000 0.448000
4831.000000 0.448282
4832.000000 0.448581
4833.000000 0.448892
4834.000000 0.449211
4835.000000 0.449533
4836.000000 0.449851
4837.000000 0.450163
4838.000000 0.450461
4839.000000 0.450742
4840.000000 0.451000
4841.000000 0.451232
4842.000000 0.451442
4843.000000 0.451636
4844.000000 0.451818
4845.000000 0.451996
4846.000000 0.452173
4847.000000 0.452357
4848.000000 0.452552
4849.000000 0.452765
4850.000000 0.453000
4851.000000 0.453262
4852.000000 0.453547
4853.000000 0.453849
4854.000000 0.454163
4855.000000 0.454484
4856.000000 0.454807
4857.000000 0.455125
4858.000000 0.455434
4859.000000 0.455727
4860.000000 0.456000
4861.000000 0.456249
4862.000000 0.456476
4863.000000 0.456685
4864.000000 0.456880
4865.000000 0.457066
4866.000000 0.457247
4867.000000 0.457427
4868.000000 0.457610
4869.000000 0.457799
4870.000000 0.458000
4871.000000 0.458215
4872.000000 0.458439
4873.000000 0.458669
4874.000000 0.458899
4875.000000 0.459125
4876.000000 0.459340
4877.000000 0.459540
4878.000000 0.459720
4879.000000 0.459875
4880.000000 0.460000
4881.000000 0.460091
4882.000000 0.460151
4883.000000 0.460184
4884.000000 0.460194
4885.000000 0.460185
4886.000000 0.460161
4887.000000 0.460127
4888.000000 0.460086
4889.000000 0.460042
4890.000000 0.460000
4891.000000 0.459962
4892.000000 0.459924
4893.000000 0.459881
4894.000000 0.459829
4895.000000 0.459760
4896.000000 0.459671
4897.000000 0.459555
4898.000000 0.459409
4899.000000 0.459225
4900.000000 0.459000
4901.000000 0.458729
4902.000000 0.458416
4903.000000 0.458066
4904.000000 0.457684
4905.000000 0.457275
4906.000000 0.456844
4907.000000 0.456395
4908.000000 0.455935
4909.000000 0.455469
4910.000000 0.455000
4911.000000 0.454534
4912.000000 0.454075
4913.000000 0.453625
4914.000000 0.453188
4915.000000 0.452766
4916.000000 0.452363
4917.000000 0.451982
4918.000000 0.451625
4919.000000 0.451297
4920.000000 0.451000
4921.000000 0.450737
4922.000000 0.450508
4923.000000 0.450315
4924.000000 0.450157
4925.000000 0.450036
4926.000000 0.449953
4927.000000 0.449907
4928.000000 0.449899
4929.000000 0.449930
4930.000000 0.450000
4931.000000 0.450110
4932.000000 0.450261
4933.000000 0.450453
4934.000000 0.450687
4935.000000 0.450963
4936.000000 0.451282
4937.000000 0.451645
4938.000000 0.452052
4939.000000 0.452503
4940.000000 0.453000
4941.000000 0.453541
4942.000000 0.454119
4943.000000 0.454725
4944.000000 0.455351
4945.000000 0.455986
4946.000000 0.456622
4947.000000 0.457251
4948.000000 0.457863
4949.000000 0.458449
4950.000000 0.459000
4951.000000 0.459510
4952.000000 0.459982
4953.000000 0.460420
4954.000000 0.460831
4955.000000 0.461219
4956.000000 0.461589
4957.000000 0.461947
4958.000000 0.462298
4959.000000 0.462647
4960.000000 0.463000
4961.000000 0.463360
4962.000000 0.463730
4963.000000 0.464107
4964.000000 0.464494
4965.000000 0.464890
4966.000000 0.465294
4967.000000 0.465707
4968.000000 0.466129
4969.000000 0.466560
4970.000000 0.467000
4971.000000 0.467448
4972.000000 0.467900
4973.000000 0.468350
4974.000000 0.468793
4975.000000 0.469223
4976.000000 0.469636
4977.000000 0.470025
4978.000000 0.470386
4979.000000 0.470713
4980.000000 0.471000
4981.000000 0.471244
4982.000000 0.471447
4983.000000 0.471612
4984.000000 0.471743
4985.000000 0.471843
4986.000000 0.471916
4987.000000 0.471964
4988.000000 0.471992
4989.000000 0.472003
4990.000000 0.472000
4991.000000 0.471986
4992.000000 0.471959
4993.000000 0.471917
4994.000000 0.471858
4995.000000 0.471779
4996.000000 0.471678
4997.000000 0.471551
4998.000000 0.471398
4999.000000 0.471215
5000.000000 0.471000
5001.000000 0.470752
5002.000000 0.470476
5003.000000 0.470178
5004.000000 0.469864
5005.000000 0.469541
5006.000000 0.469214
5007.000000 0.468890
5008.000000 0.468576
5009.000000 0.468277
5010.000000 0.468000
5011.000000 0.467749
5012.000000 0.467521
5013.000000 0.467313
5014.000000 0.467118
5015.000000 0.466934
5016.000000 0.466754
5017.000000 0.466576
5018.000000 0.466394
5019.000000 0.466203
5020.000000 0.466000
5021.000000 0.465780
5022.000000 0.465543
5023.000000 0.465288
5024.000000 0.465016
5025.000000 0.464725
5026.000000 0.464417
5027.000000 0.464090
5028.000000 0.463745
5029.000000 0.463382
5030.000000 0.463000
5031.000000 0.462600
5032.000000 0.462187
5033.000000 0.461765
5034.000000 0.461340
5035.000000 0.460916
5036.000000 0.460499
5037.000000 0.460094
5038.000000 0.459706
5039.000000 0.459339
5040.000000 0.459000
5041.000000 0.458692
5042.000000 0.458413
5043.000000 0.458163
5044.000000 0.457937
5045.000000 0.457736
5046.000000 0.457555
5047.000000 0.457393
5048.000000 0.457248
5049.000000 0.457118
5050.000000 0.457000
5051.000000 0.456892
5052.000000 0.456792
5053.000000 0.456698
5054.000000 0.456607
5055.000000 0.456516
5056.000000 0.456425
5057.000000 0.456330
5058.000000 0.456229
5059.000000 0.456120
5060.000000 0.456000
5061.000000 0.455869
5062.000000 0.455730
5063.000000 0.455589
5064.000000 0.455452
5065.000000 0.455324
5066.000000 0.455209
5067.000000 0.455114
5068.000000 0.455044
5069.000000 0.455004
5070.000000 0.455000
5071.000000 0.455035
5072.000000 0.455103
5073.000000 0.455198
5074.000000 0.455313
5075.000000 0.455439
5076.000000 0.455571
5077.000000 0.455700
5078.000000 0.455819
5079.000000 0.455922
5080.000000 0.456000
5081.000000 0.456049
5082.000000 0.456073
5083.000000 0.456076
5084.000000 0.456064
5085.000000 0.456044
5086.000000 0.456020
5087.000000 0.455998
5088.000000 0.455983
5089.000000 0.455982
5090.000000 0.456000
5091.000000 0.456041
5092.000000 0.456102
5093.000000 0.456182
5094.000000 0.456278
5095.000000 0.456385
5096.000000 0.456502
5097.000000 0.456625
5098.000000 0.456751
5099.000000 0.456877
5100.000000 0.457000
5101.000000 0.457118
5102.000000 0.457230
5103.000000 0.457337
5104.000000 0.457440
5105.000000 0.457540
5106.000000 0.457636
5107.000000 0.457729
5108.000000 0.457821
5109.000000 0.457911
5110.000000 0.458000
5111.000000 0.458089
5112.000000 0.458178
5113.000000 0.458268
5114.000000 0.458361
5115.000000 0.458456
5116.000000 0.458555
5117.000000 0.458658
5118.000000 0.458766
5119.000000 0.458879
5120.000000 0.459000
5121.000000 0.459128
5122.000000 0.459266
5123.000000 0.459416
5124.000000 0.459580
5125.000000 0.459762
5126.000000 0.459962
5127.000000 0.460183
5128.000000 0.460429
5129.000000 0.460700
5130.000000 0.461000
5131.000000 0.461330
5132.000000 0.461686
5133.000000 0.462064
5134.000000 0.462461
5135.000000 0.462873
5136.000000 0.463294
5137.000000 0.463722
5138.000000 0.464151
5139.000000 0.464579
5140.000000 0.465000
5141.000000 0.465412
5142.000000 0.465815
5143.000000 0.466213
5144.000000 0.466606
5145.000000 0.466998
5146.000000 0.467389
5147.000000 0.467783
5148.000000 0.468182
5149.000000 0.468586
5150.000000 0.469000
5151.000000 0.469423
5152.000000 0.469853
5153.000000 0.470285
5154.000000 0.470714
5155.000000 0.471137
5156.000000 0.471549
5157.000000 0.471946
5158.000000 0.472323
5159.000000 0.472675
5160.000000 0.473000
5161.000000 0.473293
5162.000000 0.473557
5163.000000 0.473794
5164.000000 0.474009
5165.000000 0.474204
5166.000000 0.474383
5167.000000 0.474549
5168.000000 0.474704
5169.000000 0.474854
5170.000000 0.475000
5171.000000 0.475145
5172.000000 0.475288
5173.000000 0.475425
5174.000000 0.475553
5175.000000 0.475671
5176.000000 0.475775
5177.000000 0.475863
5178.000000 0.475932
5179.000000 0.475978
5180.000000 0.476000
5181.000000 0.475995
5182.000000 0.475965
5183.000000 0.475910
5184.000000 0.475833
5185.000000 0.475736
5186.000000 0.475620
5187.000000 0.475486
5188.000000 0.475337
5189.000000 0.475175
5190.000000 0.475000
5191.000000 0.474815
5192.000000 0.474622
5193.000000 0.474422
5194.000000 0.474218
5195.000000 0.474011
5196.000000 0.473803
5197.000000 0.473596
5198.000000 0.473392
5199.000000 0.473192
5200.000000 0.473000
5201.000000 0.472816
5202.000000 0.472644
5203.000000 0.472486
5204.000000 0.472344
5205.000000 0.472222
5206.000000 0.472122
5207.000000 0.472047
5208.000000 0.472000
5209.000000 0.471984
5210.000000 0.472000
5211.000000 0.472051
5212.000000 0.472130
5213.000000 0.472232
5214.000000 0.472350
5215.000000 0.472476
5216.000000 0.472604
5217.000000 0.472728
5218.000000 0.472839
5219.000000 0.472932
5220.000000 0.473000
5221.000000 0.473038
5222.000000 0.473050
5223.000000 0.473043
5224.000000 0.473024
5225.000000 0.472998
5226.000000 0.472972
5227.000000 0.472953
5228.000000 0.472947
5229.000000 0.472961
5230.000000 0.473000
5231.000000 0.473069
5232.000000 0.473164
5233.000000 0.473278
5234.000000 0.473402
5235.000000 0.473532
5236.000000 0.473658
5237.000000 0.473775
5238.000000 0.473876
5239.000000 0.473953
5240.000000 0.474000
5241.000000 0.474011
5242.000000 0.473988
5243.000000 0.473935
5244.000000 0.473855
5245.000000 0.473751
5246.000000 0.473627
5247.000000 0.473486
5248.000000 0.473333
5249.000000 0.473169
5250.000000 0.473000
5251.000000 0.472828
5252.000000 0.472659
5253.000000 0.472497
5254.000000 0.472347
5255.000000 0.472216
5256.000000 0.472107
5257.000000 0.472026
5258.000000 0.471977
5259.000000 0.471967
5260.000000 0.472000
5261.000000 0.472079
5262.000000 0.472201
5263.000000 0.472359
5264.000000 0.472548
5265.000000 0.472761
5266.000000 0.472994
5267.000000 0.473240
5268.000000 0.473494
5269.000000 0.473749
5270.000000 0.474000
5271.000000 0.474243
5272.000000 0.474482
5273.000000 0.474724
5274.000000 0.474974
5275.000000 0.475239
5276.000000 0.475525
5277.000000 0.475837
5278.000000 0.476183
5279.000000 0.476569
5280.000000 0.477000
5281.000000 0.477481
5282.000000 0.478006
5283.000000 0.478570
5284.000000 0.479164
5285.000000 0.479783
5286.000000 0.480420
5287.000000 0.481066
5288.000000 0.481716
5289.000000 0.482363
5290.000000 0.483000
5291.000000 0.483621
5292.000000 0.484229
5293.000000 0.484826
5294.000000 0.485416
5295.000000 0.486003
5296.000000 0.486589
5297.000000 0.487179
5298.000000 0.487775
5299.000000 0.488381
5300.000000 0.489000
5301.000000 0.489634
5302.000000 0.490279
5303.000000 0.490927
5304.000000 0.491571
5305.000000 0.492206
5306.000000 0.492824
5307.000000 0.493419
5308.000000 0.493985
5309.000000 0.494514
5310.000000 0.495000
5311.000000 0.495438
5312.000000 0.495832
5313.000000 0.496187
5314.000000 0.496507
5315.000000 0.496799
5316.000000 0.497066
5317.000000 0.497315
5318.000000 0.497550
5319.000000 0.497777
5320.000000 0.498000
5321.000000 0.498224
5322.000000 0.498448
5323.000000 0.498670
5324.000000 0.498888
5325.000000 0.499099
5326.000000 0.499303
5327.000000 0.499497
5328.000000 0.499679
5329.000000 0.499847
5330.000000 0.500000
5331.000000 0.500136
5332.000000 0.500256
5333.000000 0.500364
5334.000000 0.500463
5335.000000 0.500554
5336.000000 0.500641
5337.000000 0.500727
5338.000000 0.500813
5339.000000 0.500903
5340.000000 0.501000
5341.000000 0.501105
5342.000000 0.501216
5343.000000 0.501331
5344.000000 0.501446
5345.000000 0.501560
5346.000000 0.501668
5347.000000 0.501769
5348.000000 0.501860
5349.000000 0.501938
5350.000000 0.502000
5351.000000 0.502044
5352.000000 0.502072
5353.000000 0.502086
5354.000000 0.502089
5355.000000 0.502083
5356.000000 0.502070
5357.000000 0.502053
5358.000000 0.502034
5359.000000 0.502015
5360.000000 0.502000
5361.000000 0.501989
5362.000000 0.501983
5363.000000 0.501981
5364.000000 0.501982
5365.000000 0.501984
5366.000000 0.501988
5367.000000 0.501993
5368.000000 0.501997
5369.000000 0.501999
5370.000000 0.502000
5371.000000 0.501998
5372.000000 0.501994
5373.000000 0.501989
5374.000000 0.501984
5375.000000 0.501980
5376.000000 0.501977
5377.000000 0.501977
5378.000000 0.501980
5379.000000 0.501987
5380.000000 0.502000
5381.000000 0.502018
5382.000000 0.502040
5383.000000 0.502062
5384.000000 0.502082
5385.000000 0.502097
5386.000000 0.502104
5387.000000 0.502101
5388.000000 0.502084
5389.000000 0.502051
5390.000000 0.502000
5391.000000 0.501928
5392.000000 0.501839
5393.000000 0.501736
5394.000000 0.501625
5395.000000 0.501508
5396.000000 0.501391
5397.000000 0.501278
5398.000000 0.501172
5399.000000 0.501078
5400.000000 0.501000
5401.000000 0.500940
5402.000000 0.500893
5403.000000 0.500850
5404.000000 0.500803
5405.000000 0.500745
5406.000000 0.500667
5407.000000 0.500562
5408.000000 0.500421
5409.000000 0.500236
5410.000000 0.500000
5411.000000 0.499707
5412.000000 0.499365
5413.000000 0.498983
5414.000000 0.498570
5415.000000 0.498137
5416.000000 0.497692
5417.000000 0.497247
5418.000000 0.496810
5419.000000 0.496391
5420.000000 0.496000
5421.000000 0.495644
5422.000000 0.495318
5423.000000 0.495017
5424.000000 0.494732
5425.000000 0.494458
5426.000000 0.494187
5427.000000 0.493913
5428.000000 0.493628
5429.000000 0.493326
5430.000000 0.493000
5431.000000 0.492645
5432.000000 0.492265
5433.000000 0.491865
5434.000000 0.491452
5435.000000 0.491031
5436.000000 0.490607
5437.000000 0.490186
5438.000000 0.489774
5439.000000 0.489377
5440.000000 0.489000
5441.000000 0.488648
5442.000000 0.488317
5443.000000 0.488005
5444.000000 0.487707
5445.000000 0.487420
5446.000000 0.487139
5447.000000 0.486860
5448.000000 0.486580
5449.000000 0.486295
5450.000000 0.486000
5451.000000 0.485691
5452.000000 0.485362
5453.000000 0.485003
5454.000000 0.484607
5455.000000 0.484165
5456.000000 0.483671
5457.000000 0.483115
5458.000000 0.482490
5459.000000 0.481788
5460.000000 0.481000
5461.000000 0.480120
5462.000000 0.479140
5463.000000 0.478055
5464.000000 0.476858
5465.000000 0.475544
5466.000000 0.474106
5467.000000 0.472539
5468.000000 0.470837
5469.000000 0.468992
5470.000000 0.467000
5471.000000 0.464854
5472.000000 0.462551
5473.000000 0.460087
5474.000000 0.457457
5475.000000 0.454659
5476.000000 0.451688
5477.000000 0.448540
5478.000000 0.445212
5479.000000 0.441700
5480.000000 0.438000
5481.000000 0.434109
5482.000000 0.430023
5483.000000 0.425740
5484.000000 0.421257
5485.000000 0.416571
5486.000000 0.411679
5487.000000 0.406579
5488.000000 0.401268
5489.000000 0.395742
5490.000000 0.390000
5491.000000 0.384041
5492.000000 0.377877
5493.000000 0.371524
5494.000000 0.364996
5495.000000 0.358308
5496.000000 0.351476
5497.000000 0.344514
5498.000000 0.337437
5499.000000 0.330261
5500.000000 0.323000
5501.000000 0.315668
5502.000000 0.308276
5503.000000 0.300831
5504.000000 0.293343
5505.000000 0.285821
5506.000000 0.278273
5507.000000 0.270708
5508.000000 0.263135
5509.000000 0.255563
5510.000000 0.248000
5511.000000 0.240456
5512.000000 0.232939
5513.000000 0.225461
5514.000000 0.218030
5515.000000 0.210657
5516.000000 0.203352
5517.000000 0.196124
5518.000000 0.188982
5519.000000 0.181938
5520.000000 0.175000
5521.000000 0.168178
5522.000000 0.161479
5523.000000 0.154908
5524.000000 0.148471
5525.000000 0.142174
5526.000000 0.136023
5527.000000 0.130025
5528.000000 0.124184
5529.000000 0.118507
5530.000000 0.113000
5531.000000 0.107668
5532.000000 0.102514
5533.000000 0.097541
5534.000000 0.092751
5535.000000 0.088147
5536.000000 0.083731
5537.000000 0.079506
5538.000000 0.075474
5539.000000 0.071638
5540.000000 0.068000
5541.000000 0.064561
5542.000000 0.061313
5543.000000 0.058246
5544.000000 0.055350
5545.000000 0.052614
5546.000000 0.050030
5547.000000 0.047586
5548.000000 0.045273
5549.000000 0.043081
5550.000000 0.041000
5551.000000 0.039021
5552.000000 0.037137
5553.000000 0.035346
5554.000000 0.033642
5555.000000 0.032021
5556.000000 0.030478
5557.000000 0.029009
5558.000000 0.027609
5559.000000 0.026275
5560.000000 0.025000
5561.000000 0.023782
5562.000000 0.022617
5563.000000 0.021504
5564.000000 0.020442
5565.000000 0.019427
5566.000000 0.018458
5567.000000 0.017532
5568.000000 0.016649
5569.000000 0.015806
5570.000000 0.015000
5571.000000 0.014231
5572.000000 0.013498
5573.000000 0.012802
5574.000000 0.012143
5575.000000 0.011522
5576.000000 0.010940
5577.000000 0.010396
5578.000000 0.009891
5579.000000 0.009425
5580.000000 0.009000
5581.000000 0.008614
5582.000000 0.008263
5583.000000 0.007941
5584.000000 0.007641
5585.000000 0.007359
5586.000000 0.007088
5587.000000 0.006822
5588.000000 0.006556
5589.000000 0.006284
5590.000000 0.006000
5591.000000 0.005700
5592.000000 0.005386
5593.000000 0.005065
5594.000000 0.004740
5595.000000 0.004417
5596.000000 0.004101
5597.000000 0.003796
5598.000000 0.003508
5599.000000 0.003241
5600.000000 0.003000
5601.000000 0.002789
5602.000000 0.002608
5603.000000 0.002455
5604.000000 0.002327
5605.000000 0.002223
5606.000000 0.002141
5607.000000 0.002080
5608.000000 0.002037
5609.000000 0.002011
5610.000000 0.002000
5611.000000 0.002002
5612.000000 0.002013
5613.000000 0.002030
5614.000000 0.002049
5615.000000 0.002067
5616.000000 0.002079
5617.000000 0.002082
5618.000000 0.002072
5619.000000 0.002046
5620.000000 0.002000
5621.000000 0.001931
5622.000000 0.001843
5623.000000 0.001741
5624.000000 0.001628
5625.000000 0.001510
5626.000000 0.001391
5627.000000 0.001276
5628.000000 0.001170
5629.000000 0.001076
5630.000000 0.001000
5631.000000 0.000945
5632.000000 0.000909
5633.000000 0.000890
5634.000000 0.000886
5635.000000 0.000892
5636.000000 0.000907
5637.000000 0.000928
5638.000000 0.000953
5639.000000 0.000977
5640.000000 0.001000
5641.000000 0.001018
5642.000000 0.001032
5643.000000 0.001041
5644.000000 0.001045
5645.000000 0.001046
5646.000000 0.001043
5647.000000 0.001037
5648.000000 0.001028
5649.000000 0.001015
5650.000000 0.001000
5651.000000 0.000983
5652.000000 0.000965
5653.000000 0.000947
5654.000000 0.000933
5655.000000 0.000923
5656.000000 0.000919
5657.000000 0.000923
5658.000000 0.000937
5659.000000 0.000962
5660.000000 0.001000
