#\*l [\oA]	Y
  3535  1.62000e+00
  3536  1.70000e+00
  3537  1.79000e+00
  3538  1.89000e+00
  3539  2.00000e+00
  3540  2.11000e+00
  3541  2.24000e+00
  3542  2.39000e+00
  3543  2.55000e+00
  3544  2.73000e+00
  3545  2.93000e+00
  3546  3.16000e+00
  3547  3.42000e+00
  3548  3.72000e+00
  3549  4.06000e+00
  3550  4.46000e+00
  3551  4.92000e+00
  3552  5.46000e+00
  3553  6.09000e+00
  3554  6.84000e+00
  3555  7.73000e+00
  3556  8.79000e+00
  3557  1.00500e+01
  3558  1.15300e+01
  3559  1.32500e+01
  3560  1.51700e+01
  3561  1.72300e+01
  3562  1.92200e+01
  3563  2.08800e+01
  3564  2.18900e+01
  3565  2.20400e+01
  3566  2.13200e+01
  3567  1.99400e+01
  3568  1.82100e+01
  3569  1.64300e+01
  3570  1.47700e+01
  3571  1.33500e+01
  3572  1.21800e+01
  3573  1.12800e+01
  3574  1.06100e+01
  3575  1.01700e+01
  3576  9.92000e+00
  3577  9.88000e+00
  3578  1.00200e+01
  3579  1.03500e+01
  3580  1.08800e+01
  3581  1.16400e+01
  3582  1.26300e+01
  3583  1.38800e+01
  3584  1.53900e+01
  3585  1.71300e+01
  3586  1.90000e+01
  3587  2.08100e+01
  3588  2.23000e+01
  3589  2.31600e+01
  3590  2.31900e+01
  3591  2.23900e+01
  3592  2.09800e+01
  3593  1.92500e+01
  3594  1.74800e+01
  3595  1.58500e+01
  3596  1.44600e+01
  3597  1.33300e+01
  3598  1.24600e+01
  3599  1.18400e+01
  3600  1.14400e+01
  3601  1.12600e+01
  3602  1.12700e+01
  3603  1.14900e+01
  3604  1.19200e+01
  3605  1.25700e+01
  3606  1.34600e+01
  3607  1.46100e+01
  3608  1.60600e+01
  3609  1.78200e+01
  3610  1.98600e+01
  3611  2.21400e+01
  3612  2.44700e+01
  3613  2.66100e+01
  3614  2.82200e+01
  3615  2.90300e+01
  3616  2.89800e+01
  3617  2.82300e+01
  3618  2.71200e+01
  3619  2.60000e+01
  3620  2.51300e+01
  3621  2.46800e+01
  3622  2.47000e+01
  3623  2.51400e+01
  3624  2.58700e+01
  3625  2.66300e+01
  3626  2.71300e+01
  3627  2.70500e+01
  3628  2.62300e+01
  3629  2.47300e+01
  3630  2.27700e+01
  3631  2.06400e+01
  3632  1.85700e+01
  3633  1.67100e+01
  3634  1.51300e+01
  3635  1.38300e+01
  3636  1.28100e+01
  3637  1.20600e+01
  3638  1.15400e+01
  3639  1.12500e+01
  3640  1.11900e+01
  3641  1.13400e+01
  3642  1.17100e+01
  3643  1.23100e+01
  3644  1.31100e+01
  3645  1.40900e+01
  3646  1.51700e+01
  3647  1.62100e+01
  3648  1.70000e+01
  3649  1.73300e+01
  3650  1.70800e+01
  3651  1.62500e+01
  3652  1.50100e+01
  3653  1.35500e+01
  3654  1.20600e+01
  3655  1.06500e+01
  3656  9.40000e+00
  3657  8.31000e+00
  3658  7.38000e+00
  3659  6.59000e+00
  3660  5.92000e+00
  3661  5.35000e+00
  3662  4.87000e+00
  3663  4.46000e+00
  3664  4.10000e+00
  3665  3.80000e+00
  3666  3.53000e+00
  3667  3.30000e+00
  3668  3.10000e+00
  3669  2.92000e+00
  3670  2.76000e+00
  3671  2.62000e+00
  3672  2.50000e+00
  3673  2.39000e+00
  3674  2.29000e+00
  3675  2.20000e+00
  3676  2.12000e+00
  3677  2.05000e+00
  3678  1.98000e+00
  3679  1.93000e+00
  3680  1.87000e+00
  3681  1.83000e+00
  3682  1.79000e+00
  3683  1.75000e+00
  3684  1.72000e+00
  3685  1.69000e+00
  3686  1.67000e+00
  3687  1.65000e+00
  3688  1.63000e+00
  3689  1.62000e+00
  3690  1.60000e+00
  3691  1.60000e+00
  3692  1.59000e+00
  3693  1.59000e+00
  3694  1.60000e+00
  3695  1.60000e+00
  3696  1.61000e+00
  3697  1.62000e+00
  3698  1.64000e+00
  3699  1.66000e+00
  3700  1.68000e+00
  3701  1.71000e+00
  3702  1.74000e+00
  3703  1.78000e+00
  3704  1.83000e+00
  3705  1.88000e+00
  3706  1.93000e+00
  3707  2.00000e+00
  3708  2.07000e+00
  3709  2.15000e+00
  3710  2.24000e+00
  3711  2.35000e+00
  3712  2.46000e+00
  3713  2.60000e+00
  3714  2.75000e+00
  3715  2.93000e+00
  3716  3.13000e+00
  3717  3.36000e+00
  3718  3.63000e+00
  3719  3.94000e+00
  3720  4.30000e+00
  3721  4.73000e+00
  3722  5.23000e+00
  3723  5.83000e+00
  3724  6.53000e+00
  3725  7.36000e+00
  3726  8.33000e+00
  3727  9.44000e+00
  3728  1.07000e+01
  3729  1.20400e+01
  3730  1.33700e+01
  3731  1.45400e+01
  3732  1.53500e+01
  3733  1.56600e+01
  3734  1.54000e+01
  3735  1.46700e+01
  3736  1.36300e+01
  3737  1.24700e+01
  3738  1.13500e+01
  3739  1.03400e+01
  3740  9.48000e+00
  3741  8.79000e+00
  3742  8.26000e+00
  3743  7.88000e+00
  3744  7.63000e+00
  3745  7.51000e+00
  3746  7.50000e+00
  3747  7.61000e+00
  3748  7.84000e+00
  3749  8.18000e+00
  3750  8.65000e+00
  3751  9.27000e+00
  3752  1.00500e+01
  3753  1.10300e+01
  3754  1.22200e+01
  3755  1.36700e+01
  3756  1.54200e+01
  3757  1.75000e+01
  3758  1.99300e+01
  3759  2.26900e+01
  3760  2.56800e+01
  3761  2.87000e+01
  3762  3.13900e+01
  3763  3.33100e+01
  3764  3.40600e+01
  3765  3.34600e+01
  3766  3.16500e+01
  3767  2.89800e+01
  3768  2.59000e+01
  3769  2.28000e+01
  3770  1.98900e+01
  3771  1.72900e+01
  3772  1.50400e+01
  3773  1.31200e+01
  3774  1.14900e+01
  3775  1.01200e+01
  3776  8.95000e+00
  3777  7.97000e+00
  3778  7.13000e+00
  3779  6.41000e+00
  3780  5.80000e+00
  3781  5.27000e+00
  3782  4.80000e+00
  3783  4.40000e+00
  3784  4.05000e+00
  3785  3.74000e+00
  3786  3.46000e+00
  3787  3.22000e+00
  3788  3.00000e+00
  3789  2.80000e+00
  3790  2.63000e+00
  3791  2.47000e+00
  3792  2.32000e+00
  3793  2.19000e+00
  3794  2.07000e+00
  3795  1.96000e+00
  3796  1.86000e+00
  3797  1.77000e+00
  3798  1.69000e+00
  3799  1.61000e+00
  3800  1.54000e+00
  3801  1.47000e+00
  3802  1.41000e+00
  3803  1.35000e+00
  3804  1.30000e+00
  3805  1.25000e+00
  3806  1.20000e+00
  3807  1.16000e+00
  3808  1.12000e+00
  3809  1.08000e+00
  3810  1.04000e+00
  3811  1.01000e+00
  3812  9.80000e-01
  3813  9.50000e-01
  3814  9.20000e-01
  3815  8.90000e-01
  3816  8.70000e-01
  3817  8.40000e-01
  3818  8.20000e-01
  3819  8.00000e-01
  3820  7.80000e-01
  3821  7.60000e-01
  3822  7.40000e-01
  3823  7.20000e-01
  3824  7.00000e-01
  3825  6.90000e-01
  3826  6.70000e-01
  3827  6.60000e-01
  3828  6.40000e-01
  3829  6.30000e-01
  3830  6.20000e-01
  3831  6.00000e-01
  3832  5.90000e-01
  3833  5.80000e-01
  3834  5.70000e-01
  3835  5.60000e-01
  3836  5.50000e-01
  3837  5.40000e-01
  3838  5.30000e-01
  3839  5.20000e-01
  3840  5.10000e-01
  3841  5.00000e-01
  3842  4.90000e-01
  3843  4.90000e-01
  3844  4.80000e-01
  3845  4.70000e-01
  3846  4.70000e-01
  3847  4.60000e-01
  3848  4.50000e-01
  3849  4.50000e-01
  3850  4.40000e-01
  3851  4.30000e-01
  3852  4.30000e-01
  3853  4.20000e-01
  3854  4.20000e-01
  3855  4.10000e-01
  3856  4.10000e-01
  3857  4.00000e-01
  3858  4.00000e-01
  3859  3.90000e-01
  3860  3.90000e-01
  3861  3.80000e-01
  3862  3.80000e-01
  3863  3.80000e-01
  3864  3.70000e-01
  3865  3.70000e-01
  3866  3.60000e-01
  3867  3.60000e-01
  3868  3.60000e-01
  3869  3.50000e-01
  3870  3.50000e-01
  3871  3.50000e-01
  3872  3.40000e-01
  3873  3.40000e-01
  3874  3.40000e-01
  3875  3.40000e-01
  3876  3.30000e-01
  3877  3.30000e-01
  3878  3.30000e-01
  3879  3.20000e-01
  3880  3.20000e-01
  3881  3.20000e-01
  3882  3.20000e-01
  3883  3.20000e-01
  3884  3.10000e-01
  3885  3.10000e-01
  3886  3.10000e-01
  3887  3.10000e-01
  3888  3.10000e-01
  3889  3.00000e-01
  3890  3.00000e-01
  3891  3.00000e-01
  3892  3.00000e-01
  3893  3.00000e-01
  3894  2.90000e-01
  3895  2.90000e-01
  3896  2.90000e-01
  3897  2.90000e-01
  3898  2.90000e-01
  3899  2.90000e-01
  3900  2.90000e-01
  3901  2.80000e-01
  3902  2.80000e-01
  3903  2.80000e-01
  3904  2.80000e-01
  3905  2.80000e-01
  3906  2.80000e-01
  3907  2.80000e-01
  3908  2.80000e-01
  3909  2.80000e-01
  3910  2.70000e-01
  3911  2.70000e-01
  3912  2.70000e-01
  3913  2.70000e-01
  3914  2.70000e-01
  3915  2.70000e-01
  3916  2.70000e-01
  3917  2.70000e-01
  3918  2.70000e-01
  3919  2.70000e-01
  3920  2.70000e-01
  3921  2.70000e-01
  3922  2.70000e-01
  3923  2.60000e-01
  3924  2.60000e-01
  3925  2.60000e-01
  3926  2.60000e-01
  3927  2.60000e-01
  3928  2.60000e-01
  3929  2.60000e-01
  3930  2.60000e-01
  3931  2.60000e-01
  3932  2.60000e-01
  3933  2.60000e-01
  3934  2.60000e-01
  3935  2.60000e-01
  3936  2.60000e-01
  3937  2.60000e-01
  3938  2.60000e-01
  3939  2.60000e-01
  3940  2.60000e-01
  3941  2.60000e-01
  3942  2.60000e-01
  3943  2.60000e-01
  3944  2.60000e-01
  3945  2.60000e-01
  3946  2.60000e-01
  3947  2.60000e-01
  3948  2.60000e-01
  3949  2.60000e-01
  3950  2.60000e-01
  3951  2.60000e-01
  3952  2.60000e-01
  3953  2.60000e-01
  3954  2.60000e-01
  3955  2.60000e-01
  3956  2.60000e-01
  3957  2.60000e-01
  3958  2.60000e-01
  3959  2.60000e-01
  3960  2.60000e-01
  3961  2.60000e-01
  3962  2.60000e-01
  3963  2.60000e-01
  3964  2.60000e-01
  3965  2.60000e-01
  3966  2.60000e-01
  3967  2.60000e-01
  3968  2.60000e-01
  3969  2.60000e-01
  3970  2.60000e-01
  3971  2.70000e-01
  3972  2.70000e-01
  3973  2.70000e-01
  3974  2.70000e-01
  3975  2.70000e-01
  3976  2.70000e-01
  3977  2.70000e-01
  3978  2.70000e-01
  3979  2.70000e-01
  3980  2.70000e-01
  3981  2.70000e-01
  3982  2.70000e-01
  3983  2.70000e-01
  3984  2.80000e-01
  3985  2.80000e-01
  3986  2.80000e-01
  3987  2.80000e-01
  3988  2.80000e-01
  3989  2.80000e-01
  3990  2.80000e-01
  3991  2.80000e-01
  3992  2.80000e-01
  3993  2.90000e-01
  3994  2.90000e-01
  3995  2.90000e-01
  3996  2.90000e-01
  3997  2.90000e-01
  3998  2.90000e-01
  3999  2.90000e-01
  4000  3.00000e-01
  4001  3.00000e-01
  4002  3.00000e-01
  4003  3.00000e-01
  4004  3.00000e-01
  4005  3.10000e-01
  4006  3.10000e-01
  4007  3.10000e-01
  4008  3.10000e-01
  4009  3.10000e-01
  4010  3.20000e-01
  4011  3.20000e-01
  4012  3.20000e-01
  4013  3.20000e-01
  4014  3.30000e-01
  4015  3.30000e-01
  4016  3.30000e-01
  4017  3.30000e-01
  4018  3.40000e-01
  4019  3.40000e-01
  4020  3.40000e-01
  4021  3.50000e-01
  4022  3.50000e-01
  4023  3.50000e-01
  4024  3.60000e-01
  4025  3.60000e-01
  4026  3.70000e-01
  4027  3.70000e-01
  4028  3.70000e-01
  4029  3.80000e-01
  4030  3.80000e-01
  4031  3.90000e-01
  4032  3.90000e-01
  4033  4.00000e-01
  4034  4.00000e-01
  4035  4.10000e-01
  4036  4.20000e-01
  4037  4.20000e-01
  4038  4.30000e-01
  4039  4.40000e-01
  4040  4.40000e-01
  4041  4.50000e-01
  4042  4.60000e-01
  4043  4.70000e-01
  4044  4.80000e-01
  4045  4.90000e-01
  4046  5.00000e-01
  4047  5.10000e-01
  4048  5.20000e-01
  4049  5.30000e-01
  4050  5.40000e-01
  4051  5.50000e-01
  4052  5.70000e-01
  4053  5.80000e-01
  4054  6.00000e-01
  4055  6.20000e-01
  4056  6.40000e-01
  4057  6.60000e-01
  4058  6.80000e-01
  4059  7.00000e-01
  4060  7.20000e-01
  4061  7.50000e-01
  4062  7.80000e-01
  4063  8.10000e-01
  4064  8.50000e-01
  4065  8.90000e-01
  4066  9.30000e-01
  4067  9.70000e-01
  4068  1.02000e+00
  4069  1.08000e+00
  4070  1.14000e+00
  4071  1.21000e+00
  4072  1.29000e+00
  4073  1.37000e+00
  4074  1.47000e+00
  4075  1.58000e+00
  4076  1.71000e+00
  4077  1.85000e+00
  4078  2.02000e+00
  4079  2.21000e+00
  4080  2.43000e+00
  4081  2.69000e+00
  4082  2.99000e+00
  4083  3.34000e+00
  4084  3.74000e+00
  4085  4.22000e+00
  4086  4.77000e+00
  4087  5.40000e+00
  4088  6.10000e+00
  4089  6.86000e+00
  4090  7.64000e+00
  4091  8.36000e+00
  4092  8.95000e+00
  4093  9.30000e+00
  4094  9.35000e+00
  4095  9.10000e+00
  4096  8.58000e+00
  4097  7.90000e+00
  4098  7.14000e+00
  4099  6.38000e+00
  4100  5.66000e+00
  4101  5.02000e+00
  4102  4.45000e+00
  4103  3.96000e+00
  4104  3.53000e+00
  4105  3.17000e+00
  4106  2.87000e+00
  4107  2.61000e+00
  4108  2.38000e+00
  4109  2.19000e+00
  4110  2.03000e+00
  4111  1.88000e+00
  4112  1.76000e+00
  4113  1.65000e+00
  4114  1.56000e+00
  4115  1.48000e+00
  4116  1.41000e+00
  4117  1.34000e+00
  4118  1.29000e+00
  4119  1.24000e+00
  4120  1.20000e+00
  4121  1.16000e+00
  4122  1.13000e+00
  4123  1.10000e+00
  4124  1.08000e+00
  4125  1.06000e+00
  4126  1.04000e+00
  4127  1.02000e+00
  4128  1.01000e+00
  4129  1.00000e+00
  4130  9.90000e-01
  4131  9.90000e-01
  4132  9.80000e-01
  4133  9.80000e-01
  4134  9.80000e-01
  4135  9.90000e-01
  4136  9.90000e-01
  4137  1.00000e+00
  4138  1.00000e+00
  4139  1.01000e+00
  4140  1.03000e+00
  4141  1.04000e+00
  4142  1.06000e+00
  4143  1.08000e+00
  4144  1.10000e+00
  4145  1.12000e+00
  4146  1.15000e+00
  4147  1.18000e+00
  4148  1.21000e+00
  4149  1.25000e+00
  4150  1.29000e+00
  4151  1.34000e+00
  4152  1.39000e+00
  4153  1.45000e+00
  4154  1.51000e+00
  4155  1.58000e+00
  4156  1.66000e+00
  4157  1.76000e+00
  4158  1.86000e+00
  4159  1.97000e+00
  4160  2.10000e+00
  4161  2.25000e+00
  4162  2.42000e+00
  4163  2.62000e+00
  4164  2.84000e+00
  4165  3.10000e+00
  4166  3.40000e+00
  4167  3.75000e+00
  4168  4.16000e+00
  4169  4.63000e+00
  4170  5.19000e+00
  4171  5.82000e+00
  4172  6.55000e+00
  4173  7.36000e+00
  4174  8.24000e+00
  4175  9.14000e+00
  4176  1.00000e+01
  4177  1.07100e+01
  4178  1.11700e+01
  4179  1.13000e+01
  4180  1.10800e+01
  4181  1.05500e+01
  4182  9.80000e+00
  4183  8.94000e+00
  4184  8.05000e+00
  4185  7.20000e+00
  4186  6.42000e+00
  4187  5.73000e+00
  4188  5.13000e+00
  4189  4.61000e+00
  4190  4.17000e+00
  4191  3.79000e+00
  4192  3.47000e+00
  4193  3.19000e+00
  4194  2.96000e+00
  4195  2.75000e+00
  4196  2.58000e+00
  4197  2.43000e+00
  4198  2.30000e+00
  4199  2.19000e+00
  4200  2.09000e+00
  4201  2.00000e+00
  4202  1.93000e+00
  4203  1.87000e+00
  4204  1.81000e+00
  4205  1.77000e+00
  4206  1.72000e+00
  4207  1.69000e+00
  4208  1.66000e+00
  4209  1.64000e+00
  4210  1.62000e+00
  4211  1.61000e+00
  4212  1.59000e+00
  4213  1.59000e+00
  4214  1.58000e+00
  4215  1.58000e+00
  4216  1.59000e+00
  4217  1.59000e+00
  4218  1.60000e+00
  4219  1.61000e+00
  4220  1.63000e+00
  4221  1.65000e+00
  4222  1.67000e+00
  4223  1.69000e+00
  4224  1.72000e+00
  4225  1.75000e+00
  4226  1.79000e+00
  4227  1.83000e+00
  4228  1.87000e+00
  4229  1.92000e+00
  4230  1.97000e+00
  4231  2.03000e+00
  4232  2.09000e+00
  4233  2.16000e+00
  4234  2.24000e+00
  4235  2.32000e+00
  4236  2.42000e+00
  4237  2.52000e+00
  4238  2.64000e+00
  4239  2.77000e+00
  4240  2.91000e+00
  4241  3.08000e+00
  4242  3.26000e+00
  4243  3.47000e+00
  4244  3.70000e+00
  4245  3.97000e+00
  4246  4.27000e+00
  4247  4.62000e+00
  4248  5.02000e+00
  4249  5.48000e+00
  4250  6.00000e+00
  4251  6.59000e+00
  4252  7.25000e+00
  4253  7.97000e+00
  4254  8.73000e+00
  4255  9.47000e+00
  4256  1.01500e+01
  4257  1.07000e+01
  4258  1.10500e+01
  4259  1.11800e+01
  4260  1.11100e+01
  4261  1.08900e+01
  4262  1.06100e+01
  4263  1.03300e+01
  4264  1.01000e+01
  4265  9.97000e+00
  4266  9.97000e+00
  4267  1.01000e+01
  4268  1.03700e+01
  4269  1.08000e+01
  4270  1.13800e+01
  4271  1.21200e+01
  4272  1.30000e+01
  4273  1.40100e+01
  4274  1.51000e+01
  4275  1.61900e+01
  4276  1.71700e+01
  4277  1.79300e+01
  4278  1.83700e+01
  4279  1.84500e+01
  4280  1.82000e+01
  4281  1.77100e+01
  4282  1.71200e+01
  4283  1.65400e+01
  4284  1.60600e+01
  4285  1.57500e+01
  4286  1.56400e+01
  4287  1.57600e+01
  4288  1.61200e+01
  4289  1.67200e+01
  4290  1.75700e+01
  4291  1.86500e+01
  4292  1.99600e+01
  4293  2.14300e+01
  4294  2.30000e+01
  4295  2.45800e+01
  4296  2.60800e+01
  4297  2.74200e+01
  4298  2.85700e+01
  4299  2.95300e+01
  4300  3.02800e+01
  4301  3.07800e+01
  4302  3.09400e+01
  4303  3.06900e+01
  4304  2.99700e+01
  4305  2.88600e+01
  4306  2.74700e+01
  4307  2.59900e+01
  4308  2.45400e+01
  4309  2.32500e+01
  4310  2.21400e+01
  4311  2.12100e+01
  4312  2.03900e+01
  4313  1.95900e+01
  4314  1.87400e+01
  4315  1.77600e+01
  4316  1.66600e+01
  4317  1.54700e+01
  4318  1.42500e+01
  4319  1.30500e+01
  4320  1.19300e+01
  4321  1.09000e+01
  4322  9.99000e+00
  4323  9.18000e+00
  4324  8.47000e+00
  4325  7.86000e+00
  4326  7.33000e+00
  4327  6.87000e+00
  4328  6.47000e+00
  4329  6.13000e+00
  4330  5.83000e+00
  4331  5.58000e+00
  4332  5.36000e+00
  4333  5.17000e+00
  4334  5.01000e+00
  4335  4.88000e+00
  4336  4.77000e+00
  4337  4.68000e+00
  4338  4.61000e+00
  4339  4.56000e+00
  4340  4.53000e+00
  4341  4.52000e+00
  4342  4.52000e+00
  4343  4.55000e+00
  4344  4.59000e+00
  4345  4.65000e+00
  4346  4.73000e+00
  4347  4.83000e+00
  4348  4.96000e+00
  4349  5.11000e+00
  4350  5.29000e+00
  4351  5.50000e+00
  4352  5.75000e+00
  4353  6.04000e+00
  4354  6.38000e+00
  4355  6.78000e+00
  4356  7.23000e+00
  4357  7.77000e+00
  4358  8.38000e+00
  4359  9.10000e+00
  4360  9.93000e+00
  4361  1.08900e+01
  4362  1.19700e+01
  4363  1.31900e+01
  4364  1.45200e+01
  4365  1.59200e+01
  4366  1.73200e+01
  4367  1.85900e+01
  4368  1.96100e+01
  4369  2.02600e+01
  4370  2.04600e+01
  4371  2.02300e+01
  4372  1.96700e+01
  4373  1.89000e+01
  4374  1.80800e+01
  4375  1.73100e+01
  4376  1.66900e+01
  4377  1.62500e+01
  4378  1.60100e+01
  4379  1.59900e+01
  4380  1.61500e+01
  4381  1.64600e+01
  4382  1.68500e+01
  4383  1.72500e+01
  4384  1.75600e+01
  4385  1.77000e+01
  4386  1.76100e+01
  4387  1.73100e+01
  4388  1.68400e+01
  4389  1.62900e+01
  4390  1.57500e+01
  4391  1.52900e+01
  4392  1.49700e+01
  4393  1.48100e+01
  4394  1.48400e+01
  4395  1.50700e+01
  4396  1.54800e+01
  4397  1.60800e+01
  4398  1.68300e+01
  4399  1.76800e+01
  4400  1.85500e+01
  4401  1.93500e+01
  4402  1.99700e+01
  4403  2.03300e+01
  4404  2.03900e+01
  4405  2.02000e+01
  4406  1.98400e+01
  4407  1.94200e+01
  4408  1.90600e+01
  4409  1.88400e+01
  4410  1.88000e+01
  4411  1.89500e+01
  4412  1.92700e+01
  4413  1.97000e+01
  4414  2.01400e+01
  4415  2.04600e+01
  4416  2.05500e+01
  4417  2.03000e+01
  4418  1.96900e+01
  4419  1.87400e+01
  4420  1.75700e+01
  4421  1.62800e+01
  4422  1.49700e+01
  4423  1.37200e+01
  4424  1.25700e+01
  4425  1.15500e+01
  4426  1.06500e+01
  4427  9.87000e+00
  4428  9.20000e+00
  4429  8.62000e+00
  4430  8.13000e+00
  4431  7.72000e+00
  4432  7.37000e+00
  4433  7.07000e+00
  4434  6.83000e+00
  4435  6.63000e+00
  4436  6.46000e+00
  4437  6.34000e+00
  4438  6.24000e+00
  4439  6.18000e+00
  4440  6.14000e+00
  4441  6.13000e+00
  4442  6.14000e+00
  4443  6.18000e+00
  4444  6.24000e+00
  4445  6.33000e+00
  4446  6.44000e+00
  4447  6.58000e+00
  4448  6.75000e+00
  4449  6.95000e+00
  4450  7.19000e+00
  4451  7.46000e+00
  4452  7.77000e+00
  4453  8.13000e+00
  4454  8.55000e+00
  4455  9.02000e+00
  4456  9.56000e+00
  4457  1.01800e+01
  4458  1.08900e+01
  4459  1.17100e+01
  4460  1.26600e+01
  4461  1.37500e+01
  4462  1.50000e+01
  4463  1.64400e+01
  4464  1.80900e+01
  4465  1.99700e+01
  4466  2.20700e+01
  4467  2.43900e+01
  4468  2.68500e+01
  4469  2.93600e+01
  4470  3.17300e+01
  4471  3.37600e+01
  4472  3.52000e+01
  4473  3.58700e+01
  4474  3.57400e+01
  4475  3.48700e+01
  4476  3.34800e+01
  4477  3.18100e+01
  4478  3.00800e+01
  4479  2.84800e+01
  4480  2.71000e+01
  4481  2.60300e+01
  4482  2.52800e+01
  4483  2.48500e+01
  4484  2.47100e+01
  4485  2.48300e+01
  4486  2.51500e+01
  4487  2.55800e+01
  4488  2.60300e+01
  4489  2.63900e+01
  4490  2.66000e+01
  4491  2.66100e+01
  4492  2.64300e+01
  4493  2.61100e+01
  4494  2.57400e+01
  4495  2.54200e+01
  4496  2.52400e+01
  4497  2.52600e+01
  4498  2.55400e+01
  4499  2.61200e+01
  4500  2.70100e+01
  4501  2.82300e+01
  4502  2.97700e+01
  4503  3.16100e+01
  4504  3.36900e+01
  4505  3.59300e+01
  4506  3.82000e+01
  4507  4.03500e+01
  4508  4.22700e+01
  4509  4.38900e+01
  4510  4.52200e+01
  4511  4.63400e+01
  4512  4.73200e+01
  4513  4.82400e+01
  4514  4.90800e+01
  4515  4.98200e+01
  4516  5.03900e+01
  4517  5.07400e+01
  4518  5.08400e+01
  4519  5.06300e+01
  4520  5.00400e+01
  4521  4.90200e+01
  4522  4.75500e+01
  4523  4.56700e+01
  4524  4.34700e+01
  4525  4.11100e+01
  4526  3.87400e+01
  4527  3.65200e+01
  4528  3.45300e+01
  4529  3.28300e+01
  4530  3.14300e+01
  4531  3.03000e+01
  4532  2.93700e+01
  4533  2.85800e+01
  4534  2.78700e+01
  4535  2.71900e+01
  4536  2.65600e+01
  4537  2.59900e+01
  4538  2.55400e+01
  4539  2.52600e+01
  4540  2.51900e+01
  4541  2.53800e+01
  4542  2.58200e+01
  4543  2.65500e+01
  4544  2.75300e+01
  4545  2.87500e+01
  4546  3.01400e+01
  4547  3.16300e+01
  4548  3.31300e+01
  4549  3.45200e+01
  4550  3.57400e+01
  4551  3.67500e+01
  4552  3.75100e+01
  4553  3.80000e+01
  4554  3.81700e+01
  4555  3.79500e+01
  4556  3.72900e+01
  4557  3.62000e+01
  4558  3.47400e+01
  4559  3.30400e+01
  4560  3.12700e+01
  4561  2.95500e+01
  4562  2.80100e+01
  4563  2.67000e+01
  4564  2.56700e+01
  4565  2.49300e+01
  4566  2.44900e+01
  4567  2.43500e+01
  4568  2.45100e+01
  4569  2.49600e+01
  4570  2.56900e+01
  4571  2.66800e+01
  4572  2.79100e+01
  4573  2.93300e+01
  4574  3.08600e+01
  4575  3.24400e+01
  4576  3.39900e+01
  4577  3.54600e+01
  4578  3.68100e+01
  4579  3.80200e+01
  4580  3.90500e+01
  4581  3.98400e+01
  4582  4.02700e+01
  4583  4.02500e+01
  4584  3.97400e+01
  4585  3.87600e+01
  4586  3.74400e+01
  4587  3.59500e+01
  4588  3.44500e+01
  4589  3.30800e+01
  4590  3.19200e+01
  4591  3.10100e+01
  4592  3.03300e+01
  4593  2.98100e+01
  4594  2.93700e+01
  4595  2.89100e+01
  4596  2.83600e+01
  4597  2.76900e+01
  4598  2.68900e+01
  4599  2.60000e+01
  4600  2.50700e+01
  4601  2.41200e+01
  4602  2.31900e+01
  4603  2.23100e+01
  4604  2.15200e+01
  4605  2.08400e+01
  4606  2.03100e+01
  4607  1.99600e+01
  4608  1.97900e+01
  4609  1.98300e+01
  4610  2.00900e+01
  4611  2.05600e+01
  4612  2.12700e+01
  4613  2.22100e+01
  4614  2.33700e+01
  4615  2.47500e+01
  4616  2.62900e+01
  4617  2.79400e+01
  4618  2.95900e+01
  4619  3.11600e+01
  4620  3.25300e+01
  4621  3.36600e+01
  4622  3.45400e+01
  4623  3.52200e+01
  4624  3.57800e+01
  4625  3.62500e+01
  4626  3.66400e+01
  4627  3.68700e+01
  4628  3.68100e+01
  4629  3.63400e+01
  4630  3.53900e+01
  4631  3.39700e+01
  4632  3.21800e+01
  4633  3.01700e+01
  4634  2.80900e+01
  4635  2.60800e+01
  4636  2.42100e+01
  4637  2.25600e+01
  4638  2.11400e+01
  4639  1.99500e+01
  4640  1.89900e+01
  4641  1.82600e+01
  4642  1.77300e+01
  4643  1.74100e+01
  4644  1.72800e+01
  4645  1.73500e+01
  4646  1.76100e+01
  4647  1.80700e+01
  4648  1.87400e+01
  4649  1.96100e+01
  4650  2.06800e+01
  4651  2.19400e+01
  4652  2.33500e+01
  4653  2.48600e+01
  4654  2.63800e+01
  4655  2.78000e+01
  4656  2.90100e+01
  4657  2.99200e+01
  4658  3.05100e+01
  4659  3.08300e+01
  4660  3.09500e+01
  4661  3.09900e+01
  4662  3.10000e+01
  4663  3.10000e+01
  4664  3.09500e+01
  4665  3.07400e+01
  4666  3.02600e+01
  4667  2.94100e+01
  4668  2.81700e+01
  4669  2.65900e+01
  4670  2.47600e+01
  4671  2.28200e+01
  4672  2.08800e+01
  4673  1.90200e+01
  4674  1.73000e+01
  4675  1.57400e+01
  4676  1.43400e+01
  4677  1.31100e+01
  4678  1.20300e+01
  4679  1.10800e+01
  4680  1.02500e+01
  4681  9.52000e+00
  4682  8.89000e+00
  4683  8.33000e+00
  4684  7.84000e+00
  4685  7.41000e+00
  4686  7.03000e+00
  4687  6.71000e+00
  4688  6.42000e+00
  4689  6.17000e+00
  4690  5.95000e+00
  4691  5.76000e+00
  4692  5.61000e+00
  4693  5.48000e+00
  4694  5.37000e+00
  4695  5.30000e+00
  4696  5.25000e+00
  4697  5.22000e+00
  4698  5.22000e+00
  4699  5.25000e+00
  4700  5.31000e+00
  4701  5.40000e+00
  4702  5.53000e+00
  4703  5.69000e+00
  4704  5.89000e+00
  4705  6.14000e+00
  4706  6.43000e+00
  4707  6.76000e+00
  4708  7.12000e+00
  4709  7.51000e+00
  4710  7.89000e+00
  4711  8.25000e+00
  4712  8.55000e+00
  4713  8.77000e+00
  4714  8.91000e+00
  4715  8.96000e+00
  4716  8.96000e+00
  4717  8.92000e+00
  4718  8.89000e+00
  4719  8.88000e+00
  4720  8.91000e+00
  4721  9.00000e+00
  4722  9.15000e+00
  4723  9.38000e+00
  4724  9.70000e+00
  4725  1.01000e+01
  4726  1.05600e+01
  4727  1.10600e+01
  4728  1.15600e+01
  4729  1.19800e+01
  4730  1.22800e+01
  4731  1.23700e+01
  4732  1.22200e+01
  4733  1.18400e+01
  4734  1.12700e+01
  4735  1.05500e+01
  4736  9.76000e+00
  4737  8.96000e+00
  4738  8.18000e+00
  4739  7.45000e+00
  4740  6.79000e+00
  4741  6.20000e+00
  4742  5.67000e+00
  4743  5.21000e+00
  4744  4.80000e+00
  4745  4.44000e+00
  4746  4.13000e+00
  4747  3.85000e+00
  4748  3.60000e+00
  4749  3.39000e+00
  4750  3.19000e+00
  4751  3.02000e+00
  4752  2.86000e+00
  4753  2.72000e+00
  4754  2.60000e+00
  4755  2.48000e+00
  4756  2.38000e+00
  4757  2.28000e+00
  4758  2.20000e+00
  4759  2.12000e+00
  4760  2.05000e+00
  4761  1.98000e+00
  4762  1.92000e+00
  4763  1.86000e+00
  4764  1.81000e+00
  4765  1.76000e+00
  4766  1.71000e+00
  4767  1.67000e+00
  4768  1.63000e+00
  4769  1.60000e+00
  4770  1.56000e+00
  4771  1.53000e+00
  4772  1.50000e+00
  4773  1.47000e+00
  4774  1.44000e+00
  4775  1.42000e+00
  4776  1.39000e+00
  4777  1.37000e+00
  4778  1.35000e+00
  4779  1.33000e+00
  4780  1.31000e+00
  4781  1.29000e+00
  4782  1.27000e+00
  4783  1.26000e+00
  4784  1.24000e+00
  4785  1.23000e+00
  4786  1.22000e+00
  4787  1.20000e+00
  4788  1.19000e+00
  4789  1.18000e+00
  4790  1.17000e+00
  4791  1.16000e+00
  4792  1.15000e+00
  4793  1.14000e+00
  4794  1.13000e+00
  4795  1.12000e+00
  4796  1.12000e+00
  4797  1.11000e+00
  4798  1.10000e+00
  4799  1.10000e+00
  4800  1.09000e+00
  4801  1.09000e+00
  4802  1.08000e+00
  4803  1.08000e+00
  4804  1.07000e+00
  4805  1.07000e+00
  4806  1.07000e+00
  4807  1.07000e+00
  4808  1.06000e+00
  4809  1.06000e+00
  4810  1.06000e+00
  4811  1.06000e+00
  4812  1.06000e+00
  4813  1.06000e+00
  4814  1.06000e+00
  4815  1.06000e+00
  4816  1.06000e+00
  4817  1.06000e+00
  4818  1.07000e+00
  4819  1.07000e+00
  4820  1.07000e+00
  4821  1.08000e+00
  4822  1.08000e+00
  4823  1.08000e+00
  4824  1.09000e+00
  4825  1.10000e+00
  4826  1.10000e+00
  4827  1.11000e+00
  4828  1.12000e+00
  4829  1.12000e+00
  4830  1.13000e+00
  4831  1.14000e+00
  4832  1.15000e+00
  4833  1.16000e+00
  4834  1.17000e+00
  4835  1.18000e+00
  4836  1.20000e+00
  4837  1.21000e+00
  4838  1.23000e+00
  4839  1.24000e+00
  4840  1.26000e+00
  4841  1.28000e+00
  4842  1.29000e+00
  4843  1.32000e+00
  4844  1.34000e+00
  4845  1.36000e+00
  4846  1.39000e+00
  4847  1.41000e+00
  4848  1.44000e+00
  4849  1.47000e+00
  4850  1.50000e+00
  4851  1.54000e+00
  4852  1.58000e+00
  4853  1.62000e+00
  4854  1.66000e+00
  4855  1.71000e+00
  4856  1.76000e+00
  4857  1.82000e+00
  4858  1.88000e+00
  4859  1.94000e+00
  4860  2.02000e+00
  4861  2.09000e+00
  4862  2.18000e+00
  4863  2.27000e+00
  4864  2.38000e+00
  4865  2.49000e+00
  4866  2.62000e+00
  4867  2.76000e+00
  4868  2.92000e+00
  4869  3.10000e+00
  4870  3.29000e+00
  4871  3.52000e+00
  4872  3.77000e+00
  4873  4.05000e+00
  4874  4.37000e+00
  4875  4.73000e+00
  4876  5.15000e+00
  4877  5.61000e+00
  4878  6.13000e+00
  4879  6.71000e+00
  4880  7.35000e+00
  4881  8.03000e+00
  4882  8.74000e+00
  4883  9.44000e+00
  4884  1.00900e+01
  4885  1.06200e+01
  4886  1.09900e+01
  4887  1.11600e+01
  4888  1.11000e+01
  4889  1.08500e+01
  4890  1.04400e+01
  4891  9.93000e+00
  4892  9.37000e+00
  4893  8.82000e+00
  4894  8.31000e+00
  4895  7.85000e+00
  4896  7.46000e+00
  4897  7.14000e+00
  4898  6.89000e+00
  4899  6.71000e+00
  4900  6.59000e+00
  4901  6.53000e+00
  4902  6.54000e+00
  4903  6.61000e+00
  4904  6.74000e+00
  4905  6.93000e+00
  4906  7.18000e+00
  4907  7.51000e+00
  4908  7.91000e+00
  4909  8.39000e+00
  4910  8.97000e+00
  4911  9.65000e+00
  4912  1.04400e+01
  4913  1.13600e+01
  4914  1.24200e+01
  4915  1.36200e+01
  4916  1.49800e+01
  4917  1.64700e+01
  4918  1.80800e+01
  4919  1.97400e+01
  4920  2.13700e+01
  4921  2.28500e+01
  4922  2.40400e+01
  4923  2.48000e+01
  4924  2.50200e+01
  4925  2.46700e+01
  4926  2.38000e+01
  4927  2.25100e+01
  4928  2.09600e+01
  4929  1.92700e+01
  4930  1.75600e+01
  4931  1.59300e+01
  4932  1.44000e+01
  4933  1.30200e+01
  4934  1.17800e+01
  4935  1.06800e+01
  4936  9.72000e+00
  4937  8.87000e+00
  4938  8.12000e+00
  4939  7.47000e+00
  4940  6.89000e+00
  4941  6.39000e+00
  4942  5.95000e+00
  4943  5.56000e+00
  4944  5.21000e+00
  4945  4.90000e+00
  4946  4.63000e+00
  4947  4.39000e+00
  4948  4.17000e+00
  4949  3.98000e+00
  4950  3.81000e+00
  4951  3.65000e+00
  4952  3.51000e+00
  4953  3.39000e+00
  4954  3.28000e+00
  4955  3.18000e+00
  4956  3.09000e+00
  4957  3.02000e+00
  4958  2.95000e+00
  4959  2.88000e+00
  4960  2.83000e+00
  4961  2.78000e+00
  4962  2.74000e+00
  4963  2.71000e+00
  4964  2.68000e+00
  4965  2.66000e+00
  4966  2.64000e+00
  4967  2.63000e+00
  4968  2.62000e+00
  4969  2.62000e+00
  4970  2.63000e+00
  4971  2.63000e+00
  4972  2.65000e+00
  4973  2.66000e+00
  4974  2.69000e+00
  4975  2.71000e+00
  4976  2.75000e+00
  4977  2.78000e+00
  4978  2.83000e+00
  4979  2.88000e+00
  4980  2.93000e+00
  4981  3.00000e+00
  4982  3.07000e+00
  4983  3.14000e+00
  4984  3.23000e+00
  4985  3.33000e+00
  4986  3.43000e+00
  4987  3.55000e+00
  4988  3.67000e+00
  4989  3.81000e+00
  4990  3.97000e+00
  4991  4.14000e+00
  4992  4.33000e+00
  4993  4.53000e+00
  4994  4.77000e+00
  4995  5.02000e+00
  4996  5.30000e+00
  4997  5.62000e+00
  4998  5.97000e+00
  4999  6.37000e+00
  5000  6.81000e+00
  5001  7.31000e+00
  5002  7.87000e+00
  5003  8.50000e+00
  5004  9.22000e+00
  5005  1.00300e+01
  5006  1.09500e+01
  5007  1.19900e+01
  5008  1.31700e+01
  5009  1.44900e+01
  5010  1.59700e+01
  5011  1.76000e+01
  5012  1.93800e+01
  5013  2.12500e+01
  5014  2.31700e+01
  5015  2.50300e+01
  5016  2.67200e+01
  5017  2.81100e+01
  5018  2.90900e+01
  5019  2.95900e+01
  5020  2.96400e+01
  5021  2.93000e+01
  5022  2.87000e+01
  5023  2.79800e+01
  5024  2.72600e+01
  5025  2.65900e+01
  5026  2.60200e+01
  5027  2.55300e+01
  5028  2.50600e+01
  5029  2.45300e+01
  5030  2.38600e+01
  5031  2.30100e+01
  5032  2.19400e+01
  5033  2.06900e+01
  5034  1.93100e+01
  5035  1.78700e+01
  5036  1.64300e+01
  5037  1.50400e+01
  5038  1.37500e+01
  5039  1.25600e+01
  5040  1.14800e+01
  5041  1.05200e+01
  5042  9.66000e+00
  5043  8.90000e+00
  5044  8.23000e+00
  5045  7.63000e+00
  5046  7.11000e+00
  5047  6.64000e+00
  5048  6.22000e+00
  5049  5.85000e+00
  5050  5.51000e+00
  5051  5.22000e+00
  5052  4.95000e+00
  5053  4.71000e+00
  5054  4.50000e+00
  5055  4.30000e+00
  5056  4.13000e+00
  5057  3.97000e+00
  5058  3.82000e+00
  5059  3.69000e+00
  5060  3.57000e+00
  5061  3.47000e+00
  5062  3.37000e+00
  5063  3.28000e+00
  5064  3.20000e+00
  5065  3.13000e+00
  5066  3.06000e+00
  5067  3.01000e+00
  5068  2.95000e+00
  5069  2.91000e+00
  5070  2.86000e+00
  5071  2.83000e+00
  5072  2.79000e+00
  5073  2.77000e+00
  5074  2.74000e+00
  5075  2.72000e+00
  5076  2.71000e+00
  5077  2.70000e+00
  5078  2.69000e+00
  5079  2.68000e+00
  5080  2.68000e+00
  5081  2.68000e+00
  5082  2.69000e+00
  5083  2.70000e+00
  5084  2.71000e+00
  5085  2.73000e+00
  5086  2.75000e+00
  5087  2.77000e+00
  5088  2.80000e+00
  5089  2.83000e+00
  5090  2.87000e+00
  5091  2.90000e+00
  5092  2.95000e+00
  5093  3.00000e+00
  5094  3.05000e+00
  5095  3.11000e+00
  5096  3.17000e+00
  5097  3.24000e+00
  5098  3.32000e+00
  5099  3.41000e+00
  5100  3.50000e+00
  5101  3.60000e+00
  5102  3.71000e+00
  5103  3.83000e+00
  5104  3.96000e+00
  5105  4.10000e+00
  5106  4.26000e+00
  5107  4.43000e+00
  5108  4.61000e+00
  5109  4.82000e+00
  5110  5.05000e+00
  5111  5.30000e+00
  5112  5.58000e+00
  5113  5.89000e+00
  5114  6.24000e+00
  5115  6.62000e+00
  5116  7.05000e+00
  5117  7.54000e+00
  5118  8.08000e+00
  5119  8.69000e+00
  5120  9.38000e+00
  5121  1.01500e+01
  5122  1.10200e+01
  5123  1.19900e+01
  5124  1.30700e+01
  5125  1.42500e+01
  5126  1.55300e+01
  5127  1.68700e+01
  5128  1.82400e+01
  5129  1.95700e+01
  5130  2.07700e+01
  5131  2.17500e+01
  5132  2.24200e+01
  5133  2.27300e+01
  5134  2.26800e+01
  5135  2.23100e+01
  5136  2.17000e+01
  5137  2.09500e+01
  5138  2.01600e+01
  5139  1.94000e+01
  5140  1.87400e+01
  5141  1.82200e+01
  5142  1.78600e+01
  5143  1.76800e+01
  5144  1.76800e+01
  5145  1.78500e+01
  5146  1.82100e+01
  5147  1.87400e+01
  5148  1.94200e+01
  5149  2.02200e+01
  5150  2.11100e+01
  5151  2.20300e+01
  5152  2.29200e+01
  5153  2.37200e+01
  5154  2.43600e+01
  5155  2.48300e+01
  5156  2.51400e+01
  5157  2.53200e+01
  5158  2.54600e+01
  5159  2.56300e+01
  5160  2.59000e+01
  5161  2.63100e+01
  5162  2.68900e+01
  5163  2.76200e+01
  5164  2.84800e+01
  5165  2.93800e+01
  5166  3.02200e+01
  5167  3.08800e+01
  5168  3.12300e+01
  5169  3.11800e+01
  5170  3.07000e+01
  5171  2.98000e+01
  5172  2.85700e+01
  5173  2.71200e+01
  5174  2.55600e+01
  5175  2.40100e+01
  5176  2.25400e+01
  5177  2.12000e+01
  5178  2.00100e+01
  5179  1.90100e+01
  5180  1.81800e+01
  5181  1.75300e+01
  5182  1.70600e+01
  5183  1.67500e+01
  5184  1.66100e+01
  5185  1.66400e+01
  5186  1.68200e+01
  5187  1.71700e+01
  5188  1.76800e+01
  5189  1.83400e+01
  5190  1.91400e+01
  5191  2.00800e+01
  5192  2.11000e+01
  5193  2.21500e+01
  5194  2.31700e+01
  5195  2.40500e+01
  5196  2.47000e+01
  5197  2.50300e+01
  5198  2.49800e+01
  5199  2.45500e+01
  5200  2.37800e+01
  5201  2.27700e+01
  5202  2.15900e+01
  5203  2.03600e+01
  5204  1.91300e+01
  5205  1.79800e+01
  5206  1.69200e+01
  5207  1.59800e+01
  5208  1.51700e+01
  5209  1.44800e+01
  5210  1.39100e+01
  5211  1.34600e+01
  5212  1.31200e+01
  5213  1.28800e+01
  5214  1.27300e+01
  5215  1.26900e+01
  5216  1.27300e+01
  5217  1.28700e+01
  5218  1.31100e+01
  5219  1.34500e+01
  5220  1.38900e+01
  5221  1.44400e+01
  5222  1.51200e+01
  5223  1.59200e+01
  5224  1.68600e+01
  5225  1.79500e+01
  5226  1.91900e+01
  5227  2.05700e+01
  5228  2.20900e+01
  5229  2.37200e+01
  5230  2.53900e+01
  5231  2.70500e+01
  5232  2.85800e+01
  5233  2.98900e+01
  5234  3.08700e+01
  5235  3.14400e+01
  5236  3.15700e+01
  5237  3.12700e+01
  5238  3.06200e+01
  5239  2.96900e+01
  5240  2.85900e+01
  5241  2.74100e+01
  5242  2.62400e+01
  5243  2.51400e+01
  5244  2.41800e+01
  5245  2.33800e+01
  5246  2.27700e+01
  5247  2.23700e+01
  5248  2.21600e+01
  5249  2.21600e+01
  5250  2.23500e+01
  5251  2.27100e+01
  5252  2.32400e+01
  5253  2.39100e+01
  5254  2.46900e+01
  5255  2.55800e+01
  5256  2.65400e+01
  5257  2.75800e+01
  5258  2.86800e+01
  5259  2.98300e+01
  5260  3.10000e+01
  5261  3.21500e+01
  5262  3.32000e+01
  5263  3.40800e+01
  5264  3.47100e+01
  5265  3.50300e+01
  5266  3.50400e+01
  5267  3.47900e+01
  5268  3.43400e+01
  5269  3.38000e+01
  5270  3.32600e+01
  5271  3.27900e+01
  5272  3.24300e+01
  5273  3.21800e+01
  5274  3.20200e+01
  5275  3.19300e+01
  5276  3.18800e+01
  5277  3.18300e+01
  5278  3.17800e+01
  5279  3.17000e+01
  5280  3.15900e+01
  5281  3.14100e+01
  5282  3.11200e+01
  5283  3.06700e+01
  5284  3.00300e+01
  5285  2.91600e+01
  5286  2.80900e+01
  5287  2.68700e+01
  5288  2.55600e+01
  5289  2.42300e+01
  5290  2.29500e+01
  5291  2.17500e+01
  5292  2.06900e+01
  5293  1.97600e+01
  5294  1.89900e+01
  5295  1.83700e+01
  5296  1.79000e+01
  5297  1.75900e+01
  5298  1.74200e+01
  5299  1.73900e+01
  5300  1.75200e+01
  5301  1.78000e+01
  5302  1.82300e+01
  5303  1.88200e+01
  5304  1.95900e+01
  5305  2.05400e+01
  5306  2.16700e+01
  5307  2.30000e+01
  5308  2.45300e+01
  5309  2.62400e+01
  5310  2.81200e+01
  5311  3.00900e+01
  5312  3.21000e+01
  5313  3.40100e+01
  5314  3.57000e+01
  5315  3.70000e+01
  5316  3.77800e+01
  5317  3.79700e+01
  5318  3.75400e+01
  5319  3.65800e+01
  5320  3.51900e+01
  5321  3.35500e+01
  5322  3.17900e+01
  5323  3.00600e+01
  5324  2.84400e+01
  5325  2.70000e+01
  5326  2.57800e+01
  5327  2.48000e+01
  5328  2.40600e+01
  5329  2.35600e+01
  5330  2.32700e+01
  5331  2.31900e+01
  5332  2.32600e+01
  5333  2.34400e+01
  5334  2.36600e+01
  5335  2.38600e+01
  5336  2.39500e+01
  5337  2.38700e+01
  5338  2.35600e+01
  5339  2.30100e+01
  5340  2.22400e+01
  5341  2.13200e+01
  5342  2.02900e+01
  5343  1.92400e+01
  5344  1.82200e+01
  5345  1.72600e+01
  5346  1.64100e+01
  5347  1.56700e+01
  5348  1.50600e+01
  5349  1.45700e+01
  5350  1.42200e+01
  5351  1.39900e+01
  5352  1.38900e+01
  5353  1.39100e+01
  5354  1.40500e+01
  5355  1.42900e+01
  5356  1.46300e+01
  5357  1.50400e+01
  5358  1.54800e+01
  5359  1.59300e+01
  5360  1.63100e+01
  5361  1.65800e+01
  5362  1.66900e+01
  5363  1.65800e+01
  5364  1.62600e+01
  5365  1.57400e+01
  5366  1.50500e+01
  5367  1.42500e+01
  5368  1.34000e+01
  5369  1.25300e+01
  5370  1.16900e+01
  5371  1.09000e+01
  5372  1.01600e+01
  5373  9.50000e+00
  5374  8.90000e+00
  5375  8.37000e+00
  5376  7.89000e+00
  5377  7.48000e+00
  5378  7.11000e+00
  5379  6.79000e+00
  5380  6.51000e+00
  5381  6.27000e+00
  5382  6.07000e+00
  5383  5.89000e+00
  5384  5.74000e+00
  5385  5.62000e+00
  5386  5.52000e+00
  5387  5.45000e+00
  5388  5.40000e+00
  5389  5.37000e+00
  5390  5.36000e+00
  5391  5.38000e+00
  5392  5.42000e+00
  5393  5.48000e+00
  5394  5.56000e+00
  5395  5.67000e+00
  5396  5.81000e+00
  5397  5.98000e+00
  5398  6.18000e+00
  5399  6.41000e+00
  5400  6.69000e+00
  5401  7.01000e+00
  5402  7.38000e+00
  5403  7.80000e+00
  5404  8.28000e+00
  5405  8.81000e+00
  5406  9.41000e+00
  5407  1.00600e+01
  5408  1.07600e+01
  5409  1.14900e+01
  5410  1.22300e+01
  5411  1.29500e+01
  5412  1.36200e+01
  5413  1.42000e+01
  5414  1.46600e+01
  5415  1.50100e+01
  5416  1.52500e+01
  5417  1.54200e+01
  5418  1.55400e+01
  5419  1.56500e+01
  5420  1.57900e+01
  5421  1.59600e+01
  5422  1.61800e+01
  5423  1.64200e+01
  5424  1.66800e+01
  5425  1.69200e+01
  5426  1.71500e+01
  5427  1.73300e+01
  5428  1.74700e+01
  5429  1.75400e+01
  5430  1.75300e+01
  5431  1.74200e+01
  5432  1.71600e+01
  5433  1.67500e+01
  5434  1.61700e+01
  5435  1.54500e+01
  5436  1.46100e+01
  5437  1.37000e+01
  5438  1.27500e+01
  5439  1.18200e+01
  5440  1.09200e+01
  5441  1.00700e+01
  5442  9.29000e+00
  5443  8.59000e+00
  5444  7.95000e+00
  5445  7.37000e+00
  5446  6.86000e+00
  5447  6.40000e+00
  5448  5.99000e+00
  5449  5.63000e+00
  5450  5.31000e+00
  5451  5.02000e+00
  5452  4.76000e+00
  5453  4.53000e+00
  5454  4.32000e+00
  5455  4.14000e+00
  5456  3.97000e+00
  5457  3.83000e+00
  5458  3.70000e+00
  5459  3.58000e+00
  5460  3.47000e+00
  5461  3.38000e+00
  5462  3.30000e+00
  5463  3.23000e+00
  5464  3.16000e+00
  5465  3.11000e+00
  5466  3.06000e+00
  5467  3.02000e+00
  5468  2.99000e+00
  5469  2.97000e+00
  5470  2.96000e+00
  5471  2.95000e+00
  5472  2.95000e+00
  5473  2.95000e+00
  5474  2.97000e+00
  5475  2.99000e+00
  5476  3.02000e+00
  5477  3.05000e+00
  5478  3.10000e+00
  5479  3.16000e+00
  5480  3.22000e+00
  5481  3.30000e+00
  5482  3.39000e+00
  5483  3.49000e+00
  5484  3.61000e+00
  5485  3.75000e+00
  5486  3.90000e+00
  5487  4.07000e+00
  5488  4.27000e+00
  5489  4.49000e+00
  5490  4.74000e+00
  5491  5.03000e+00
  5492  5.35000e+00
  5493  5.71000e+00
  5494  6.12000e+00
  5495  6.57000e+00
  5496  7.07000e+00
  5497  7.62000e+00
  5498  8.21000e+00
  5499  8.83000e+00
  5500  9.47000e+00
  5501  1.01000e+01
  5502  1.06800e+01
  5503  1.11800e+01
  5504  1.15600e+01
  5505  1.17800e+01
  5506  1.18400e+01
  5507  1.17400e+01
  5508  1.15100e+01
  5509  1.11800e+01
  5510  1.08000e+01
  5511  1.04000e+01
  5512  1.00200e+01
  5513  9.67000e+00
  5514  9.39000e+00
  5515  9.18000e+00
  5516  9.04000e+00
  5517  8.99000e+00
  5518  9.02000e+00
  5519  9.13000e+00
  5520  9.34000e+00
  5521  9.64000e+00
  5522  1.00300e+01
  5523  1.05300e+01
  5524  1.11300e+01
  5525  1.18300e+01
  5526  1.26300e+01
  5527  1.35400e+01
  5528  1.45100e+01
  5529  1.55400e+01
  5530  1.65800e+01
  5531  1.75600e+01
  5532  1.84200e+01
  5533  1.90700e+01
  5534  1.94400e+01
  5535  1.94900e+01
  5536  1.92000e+01
  5537  1.86000e+01
  5538  1.77400e+01
  5539  1.67000e+01
  5540  1.55500e+01
  5541  1.43600e+01
  5542  1.31900e+01
  5543  1.20700e+01
  5544  1.10300e+01
  5545  1.00700e+01
  5546  9.19000e+00
  5547  8.41000e+00
  5548  7.71000e+00
  5549  7.08000e+00
  5550  6.51000e+00
  5551  6.01000e+00
  5552  5.56000e+00
  5553  5.16000e+00
  5554  4.80000e+00
  5555  4.48000e+00
  5556  4.19000e+00
  5557  3.92000e+00
  5558  3.69000e+00
  5559  3.47000e+00
  5560  3.28000e+00
  5561  3.10000e+00
  5562  2.93000e+00
  5563  2.78000e+00
  5564  2.65000e+00
  5565  2.52000e+00
  5566  2.41000e+00
  5567  2.30000e+00
  5568  2.20000e+00
  5569  2.11000e+00
  5570  2.02000e+00
  5571  1.94000e+00
  5572  1.87000e+00
  5573  1.80000e+00
  5574  1.73000e+00
  5575  1.67000e+00
  5576  1.62000e+00
  5577  1.56000e+00
  5578  1.51000e+00
  5579  1.46000e+00
  5580  1.42000e+00
  5581  1.38000e+00
  5582  1.34000e+00
  5583  1.30000e+00
  5584  1.26000e+00
  5585  1.23000e+00
  5586  1.20000e+00
  5587  1.17000e+00
  5588  1.14000e+00
  5589  1.11000e+00
  5590  1.08000e+00
  5591  1.06000e+00
  5592  1.03000e+00
  5593  1.01000e+00
  5594  9.90000e-01
  5595  9.70000e-01
  5596  9.50000e-01
  5597  9.30000e-01
  5598  9.10000e-01
  5599  8.90000e-01
  5600  8.70000e-01
  5601  8.60000e-01
  5602  8.40000e-01
  5603  8.30000e-01
  5604  8.10000e-01
  5605  8.00000e-01
  5606  7.80000e-01
  5607  7.70000e-01
  5608  7.60000e-01
  5609  7.40000e-01
  5610  7.30000e-01
  5611  7.20000e-01
  5612  7.10000e-01
  5613  7.00000e-01
  5614  6.90000e-01
  5615  6.80000e-01
  5616  6.70000e-01
  5617  6.60000e-01
  5618  6.50000e-01
  5619  6.40000e-01
  5620  6.30000e-01
  5621  6.30000e-01
  5622  6.20000e-01
  5623  6.10000e-01
  5624  6.00000e-01
  5625  5.90000e-01
  5626  5.90000e-01
  5627  5.80000e-01
  5628  5.70000e-01
  5629  5.70000e-01
  5630  5.60000e-01
  5631  5.50000e-01
  5632  5.50000e-01
  5633  5.40000e-01
  5634  5.40000e-01
  5635  5.30000e-01
  5636  5.30000e-01
  5637  5.20000e-01
  5638  5.20000e-01
  5639  5.10000e-01
  5640  5.10000e-01
  5641  5.00000e-01
  5642  5.00000e-01
  5643  4.90000e-01
  5644  4.90000e-01
  5645  4.80000e-01
  5646  4.80000e-01
  5647  4.80000e-01
  5648  4.70000e-01
  5649  4.70000e-01
  5650  4.60000e-01
  5651  4.60000e-01
  5652  4.60000e-01
  5653  4.50000e-01
  5654  4.50000e-01
  5655  4.50000e-01
  5656  4.40000e-01
  5657  4.40000e-01
  5658  4.40000e-01
  5659  4.30000e-01
  5660  4.30000e-01
  5661  4.30000e-01
  5662  4.30000e-01
  5663  4.20000e-01
  5664  4.20000e-01
  5665  4.20000e-01
  5666  4.20000e-01
  5667  4.10000e-01
  5668  4.10000e-01
  5669  4.10000e-01
  5670  4.10000e-01
  5671  4.10000e-01
  5672  4.00000e-01
  5673  4.00000e-01
  5674  4.00000e-01
  5675  4.00000e-01
  5676  4.00000e-01
  5677  4.00000e-01
  5678  3.90000e-01
  5679  3.90000e-01
  5680  3.90000e-01
  5681  3.90000e-01
  5682  3.90000e-01
  5683  3.90000e-01
  5684  3.90000e-01
  5685  3.90000e-01
  5686  3.90000e-01
  5687  3.90000e-01
  5688  3.90000e-01
  5689  3.90000e-01
  5690  3.90000e-01
  5691  3.90000e-01
  5692  3.90000e-01
  5693  3.90000e-01
  5694  3.90000e-01
  5695  3.90000e-01
  5696  3.90000e-01
  5697  3.90000e-01
  5698  3.90000e-01
  5699  3.90000e-01
  5700  4.00000e-01
  5701  4.00000e-01
  5702  4.00000e-01
  5703  4.00000e-01
  5704  4.10000e-01
  5705  4.10000e-01
  5706  4.20000e-01
  5707  4.20000e-01
  5708  4.30000e-01
  5709  4.30000e-01
  5710  4.40000e-01
  5711  4.50000e-01
  5712  4.50000e-01
  5713  4.60000e-01
  5714  4.70000e-01
  5715  4.80000e-01
  5716  5.00000e-01
  5717  5.10000e-01
  5718  5.30000e-01
  5719  5.40000e-01
  5720  5.60000e-01
  5721  5.90000e-01
  5722  6.10000e-01
  5723  6.40000e-01
  5724  6.70000e-01
  5725  7.10000e-01
  5726  7.50000e-01
  5727  7.90000e-01
  5728  8.40000e-01
  5729  8.90000e-01
  5730  9.50000e-01
  5731  1.01000e+00
  5732  1.08000e+00
  5733  1.14000e+00
  5734  1.20000e+00
  5735  1.26000e+00
  5736  1.30000e+00
  5737  1.33000e+00
  5738  1.34000e+00
  5739  1.34000e+00
  5740  1.31000e+00
  5741  1.27000e+00
  5742  1.22000e+00
  5743  1.16000e+00
  5744  1.09000e+00
  5745  1.03000e+00
  5746  9.60000e-01
  5747  9.00000e-01
  5748  8.40000e-01
  5749  7.90000e-01
  5750  7.40000e-01
  5751  7.00000e-01
  5752  6.60000e-01
  5753  6.30000e-01
  5754  6.00000e-01
  5755  5.70000e-01
  5756  5.50000e-01
  5757  5.20000e-01
  5758  5.00000e-01
  5759  4.90000e-01
  5760  4.70000e-01
  5761  4.50000e-01
  5762  4.40000e-01
  5763  4.30000e-01
  5764  4.20000e-01
  5765  4.10000e-01
  5766  4.00000e-01
  5767  3.90000e-01
  5768  3.80000e-01
  5769  3.80000e-01
  5770  3.70000e-01
  5771  3.60000e-01
  5772  3.60000e-01
  5773  3.50000e-01
  5774  3.50000e-01
  5775  3.50000e-01
  5776  3.40000e-01
  5777  3.40000e-01
  5778  3.40000e-01
  5779  3.30000e-01
  5780  3.30000e-01
  5781  3.30000e-01
  5782  3.20000e-01
  5783  3.20000e-01
  5784  3.20000e-01
  5785  3.20000e-01
  5786  3.20000e-01
  5787  3.20000e-01
  5788  3.20000e-01
  5789  3.10000e-01
  5790  3.10000e-01
  5791  3.10000e-01
  5792  3.10000e-01
  5793  3.10000e-01
  5794  3.10000e-01
  5795  3.10000e-01
  5796  3.10000e-01
  5797  3.10000e-01
  5798  3.10000e-01
  5799  3.10000e-01
  5800  3.10000e-01
  5801  3.20000e-01
  5802  3.20000e-01
  5803  3.20000e-01
  5804  3.20000e-01
  5805  3.20000e-01
  5806  3.20000e-01
  5807  3.30000e-01
  5808  3.30000e-01
  5809  3.30000e-01
  5810  3.40000e-01
  5811  3.40000e-01
  5812  3.50000e-01
  5813  3.50000e-01
  5814  3.60000e-01
  5815  3.70000e-01
  5816  3.80000e-01
  5817  3.90000e-01
  5818  4.00000e-01
  5819  4.10000e-01
  5820  4.20000e-01
  5821  4.40000e-01
  5822  4.50000e-01
  5823  4.70000e-01
  5824  4.90000e-01
  5825  5.10000e-01
  5826  5.30000e-01
  5827  5.60000e-01
  5828  5.80000e-01
  5829  6.00000e-01
  5830  6.20000e-01
  5831  6.30000e-01
  5832  6.40000e-01
  5833  6.50000e-01
  5834  6.40000e-01
  5835  6.30000e-01
  5836  6.20000e-01
  5837  6.00000e-01
  5838  5.80000e-01
  5839  5.50000e-01
  5840  5.30000e-01
  5841  5.10000e-01
  5842  4.90000e-01
  5843  4.70000e-01
  5844  4.50000e-01
  5845  4.40000e-01
  5846  4.20000e-01
  5847  4.10000e-01
  5848  4.00000e-01
  5849  3.90000e-01
  5850  3.80000e-01
  5851  3.70000e-01
  5852  3.70000e-01
  5853  3.60000e-01
  5854  3.50000e-01
  5855  3.50000e-01
  5856  3.50000e-01
  5857  3.40000e-01
  5858  3.40000e-01
  5859  3.40000e-01
  5860  3.30000e-01
  5861  3.30000e-01
  5862  3.30000e-01
  5863  3.30000e-01
  5864  3.30000e-01
  5865  3.30000e-01
  5866  3.30000e-01
  5867  3.20000e-01
  5868  3.20000e-01
  5869  3.20000e-01
  5870  3.20000e-01
  5871  3.20000e-01
  5872  3.20000e-01
  5873  3.20000e-01
  5874  3.20000e-01
  5875  3.30000e-01
  5876  3.30000e-01
  5877  3.30000e-01
  5878  3.30000e-01
  5879  3.30000e-01
  5880  3.30000e-01
  5881  3.30000e-01
  5882  3.30000e-01
  5883  3.30000e-01
  5884  3.40000e-01
  5885  3.40000e-01
  5886  3.40000e-01
  5887  3.40000e-01
  5888  3.40000e-01
  5889  3.50000e-01
  5890  3.50000e-01
  5891  3.50000e-01
  5892  3.50000e-01
  5893  3.60000e-01
  5894  3.60000e-01
  5895  3.60000e-01
  5896  3.70000e-01
  5897  3.70000e-01
  5898  3.70000e-01
  5899  3.80000e-01
  5900  3.80000e-01
  5901  3.90000e-01
  5902  3.90000e-01
  5903  3.90000e-01
  5904  4.00000e-01
  5905  4.00000e-01
  5906  4.10000e-01
  5907  4.10000e-01
  5908  4.20000e-01
  5909  4.30000e-01
  5910  4.30000e-01
  5911  4.40000e-01
  5912  4.50000e-01
  5913  4.50000e-01
  5914  4.60000e-01
  5915  4.70000e-01
  5916  4.80000e-01
  5917  4.90000e-01
  5918  5.00000e-01
  5919  5.10000e-01
  5920  5.20000e-01
  5921  5.30000e-01
  5922  5.50000e-01
  5923  5.60000e-01
  5924  5.80000e-01
  5925  5.90000e-01
  5926  6.10000e-01
  5927  6.30000e-01
  5928  6.50000e-01
  5929  6.70000e-01
  5930  6.90000e-01
  5931  7.20000e-01
  5932  7.40000e-01
  5933  7.70000e-01
  5934  8.00000e-01
  5935  8.40000e-01
  5936  8.80000e-01
  5937  9.20000e-01
  5938  9.70000e-01
  5939  1.02000e+00
  5940  1.08000e+00
  5941  1.14000e+00
  5942  1.21000e+00
  5943  1.28000e+00
  5944  1.37000e+00
  5945  1.46000e+00
  5946  1.56000e+00
  5947  1.67000e+00
  5948  1.78000e+00
  5949  1.90000e+00
  5950  2.02000e+00
  5951  2.13000e+00
  5952  2.24000e+00
  5953  2.34000e+00
  5954  2.41000e+00
  5955  2.46000e+00
  5956  2.49000e+00
  5957  2.49000e+00
  5958  2.46000e+00
  5959  2.41000e+00
  5960  2.35000e+00
  5961  2.29000e+00
  5962  2.22000e+00
  5963  2.16000e+00
  5964  2.11000e+00
  5965  2.06000e+00
  5966  2.03000e+00
  5967  2.00000e+00
  5968  1.99000e+00
  5969  2.00000e+00
  5970  2.01000e+00
  5971  2.05000e+00
  5972  2.09000e+00
  5973  2.15000e+00
  5974  2.23000e+00
  5975  2.32000e+00
  5976  2.43000e+00
  5977  2.56000e+00
  5978  2.71000e+00
  5979  2.88000e+00
  5980  3.07000e+00
  5981  3.28000e+00
  5982  3.52000e+00
  5983  3.77000e+00
  5984  4.05000e+00
  5985  4.33000e+00
  5986  4.62000e+00
  5987  4.89000e+00
  5988  5.14000e+00
  5989  5.34000e+00
  5990  5.48000e+00
  5991  5.55000e+00
  5992  5.54000e+00
  5993  5.45000e+00
  5994  5.29000e+00
  5995  5.08000e+00
  5996  4.82000e+00
  5997  4.54000e+00
  5998  4.25000e+00
  5999  3.96000e+00
  6000  3.69000e+00
  6001  3.43000e+00
  6002  3.20000e+00
  6003  2.98000e+00
  6004  2.78000e+00
  6005  2.61000e+00
  6006  2.45000e+00
  6007  2.32000e+00
  6008  2.19000e+00
  6009  2.09000e+00
  6010  1.99000e+00
  6011  1.91000e+00
  6012  1.84000e+00
  6013  1.78000e+00
  6014  1.73000e+00
  6015  1.69000e+00
  6016  1.66000e+00
  6017  1.63000e+00
  6018  1.61000e+00
  6019  1.60000e+00
  6020  1.60000e+00
  6021  1.60000e+00
  6022  1.61000e+00
  6023  1.63000e+00
  6024  1.65000e+00
  6025  1.68000e+00
  6026  1.73000e+00
  6027  1.78000e+00
  6028  1.83000e+00
  6029  1.90000e+00
  6030  1.99000e+00
  6031  2.08000e+00
  6032  2.18000e+00
  6033  2.30000e+00
  6034  2.44000e+00
  6035  2.58000e+00
  6036  2.74000e+00
  6037  2.91000e+00
  6038  3.09000e+00
  6039  3.27000e+00
  6040  3.44000e+00
  6041  3.60000e+00
  6042  3.73000e+00
  6043  3.82000e+00
  6044  3.87000e+00
  6045  3.87000e+00
  6046  3.82000e+00
  6047  3.73000e+00
  6048  3.60000e+00
  6049  3.44000e+00
  6050  3.26000e+00
  6051  3.08000e+00
  6052  2.90000e+00
  6053  2.73000e+00
  6054  2.56000e+00
  6055  2.41000e+00
  6056  2.27000e+00
  6057  2.14000e+00
  6058  2.03000e+00
  6059  1.93000e+00
  6060  1.84000e+00
  6061  1.76000e+00
  6062  1.69000e+00
  6063  1.63000e+00
  6064  1.57000e+00
  6065  1.53000e+00
  6066  1.48000e+00
  6067  1.45000e+00
  6068  1.42000e+00
  6069  1.40000e+00
  6070  1.38000e+00
  6071  1.36000e+00
  6072  1.35000e+00
  6073  1.34000e+00
  6074  1.33000e+00
  6075  1.33000e+00
  6076  1.33000e+00
  6077  1.33000e+00
  6078  1.34000e+00
  6079  1.35000e+00
  6080  1.36000e+00
  6081  1.38000e+00
  6082  1.40000e+00
  6083  1.42000e+00
  6084  1.44000e+00
  6085  1.47000e+00
  6086  1.51000e+00
  6087  1.54000e+00
  6088  1.58000e+00
  6089  1.63000e+00
  6090  1.68000e+00
  6091  1.74000e+00
  6092  1.80000e+00
  6093  1.87000e+00
  6094  1.95000e+00
  6095  2.03000e+00
  6096  2.12000e+00
  6097  2.23000e+00
  6098  2.34000e+00
  6099  2.47000e+00
  6100  2.61000e+00
  6101  2.76000e+00
  6102  2.94000e+00
  6103  3.12000e+00
  6104  3.33000e+00
  6105  3.55000e+00
  6106  3.78000e+00
  6107  4.03000e+00
  6108  4.29000e+00
  6109  4.55000e+00
  6110  4.81000e+00
  6111  5.05000e+00
  6112  5.26000e+00
  6113  5.44000e+00
  6114  5.58000e+00
  6115  5.67000e+00
  6116  5.71000e+00
  6117  5.70000e+00
  6118  5.66000e+00
  6119  5.59000e+00
  6120  5.51000e+00
  6121  5.43000e+00
  6122  5.35000e+00
  6123  5.29000e+00
  6124  5.24000e+00
  6125  5.21000e+00
  6126  5.21000e+00
  6127  5.22000e+00
  6128  5.25000e+00
  6129  5.30000e+00
  6130  5.37000e+00
  6131  5.45000e+00
  6132  5.55000e+00
  6133  5.67000e+00
  6134  5.82000e+00
  6135  6.00000e+00
  6136  6.22000e+00
  6137  6.47000e+00
  6138  6.77000e+00
  6139  7.11000e+00
  6140  7.49000e+00
  6141  7.90000e+00
  6142  8.34000e+00
  6143  8.79000e+00
  6144  9.25000e+00
  6145  9.68000e+00
  6146  1.00800e+01
  6147  1.04000e+01
  6148  1.06500e+01
  6149  1.08100e+01
  6150  1.08700e+01
  6151  1.08400e+01
  6152  1.07300e+01
  6153  1.05600e+01
  6154  1.03300e+01
  6155  1.00600e+01
  6156  9.75000e+00
  6157  9.41000e+00
  6158  9.05000e+00
  6159  8.68000e+00
  6160  8.29000e+00
  6161  7.91000e+00
  6162  7.55000e+00
  6163  7.20000e+00
  6164  6.88000e+00
  6165  6.60000e+00
  6166  6.35000e+00
  6167  6.14000e+00
  6168  5.97000e+00
  6169  5.84000e+00
  6170  5.75000e+00
  6171  5.69000e+00
  6172  5.66000e+00
  6173  5.66000e+00
  6174  5.68000e+00
  6175  5.71000e+00
  6176  5.75000e+00
  6177  5.79000e+00
  6178  5.82000e+00
  6179  5.85000e+00
  6180  5.85000e+00
  6181  5.84000e+00
  6182  5.81000e+00
  6183  5.75000e+00
  6184  5.67000e+00
  6185  5.56000e+00
  6186  5.43000e+00
  6187  5.28000e+00
  6188  5.10000e+00
  6189  4.92000e+00
  6190  4.73000e+00
  6191  4.53000e+00
  6192  4.35000e+00
  6193  4.17000e+00
  6194  4.01000e+00
  6195  3.87000e+00
  6196  3.74000e+00
  6197  3.62000e+00
  6198  3.52000e+00
  6199  3.44000e+00
  6200  3.37000e+00
  6201  3.32000e+00
  6202  3.28000e+00
  6203  3.25000e+00
  6204  3.23000e+00
  6205  3.22000e+00
  6206  3.23000e+00
  6207  3.25000e+00
  6208  3.28000e+00
  6209  3.32000e+00
  6210  3.37000e+00
  6211  3.43000e+00
  6212  3.51000e+00
  6213  3.60000e+00
  6214  3.70000e+00
  6215  3.82000e+00
  6216  3.95000e+00
  6217  4.10000e+00
  6218  4.26000e+00
  6219  4.45000e+00
  6220  4.66000e+00
  6221  4.89000e+00
  6222  5.15000e+00
  6223  5.44000e+00
  6224  5.77000e+00
  6225  6.12000e+00
  6226  6.52000e+00
  6227  6.96000e+00
  6228  7.44000e+00
  6229  7.97000e+00
  6230  8.55000e+00
  6231  9.17000e+00
  6232  9.84000e+00
  6233  1.05400e+01
  6234  1.12800e+01
  6235  1.20300e+01
  6236  1.27800e+01
  6237  1.35200e+01
  6238  1.42300e+01
  6239  1.49100e+01
  6240  1.55500e+01
  6241  1.61300e+01
  6242  1.66600e+01
  6243  1.71100e+01
  6244  1.74600e+01
  6245  1.77000e+01
  6246  1.78000e+01
  6247  1.77300e+01
  6248  1.74800e+01
  6249  1.70600e+01
  6250  1.64900e+01
  6251  1.57800e+01
  6252  1.49900e+01
  6253  1.41500e+01
  6254  1.32900e+01
  6255  1.24400e+01
  6256  1.16300e+01
  6257  1.08800e+01
  6258  1.01800e+01
  6259  9.54000e+00
  6260  8.97000e+00
  6261  8.45000e+00
  6262  8.00000e+00
  6263  7.61000e+00
  6264  7.27000e+00
  6265  6.97000e+00
  6266  6.73000e+00
  6267  6.52000e+00
  6268  6.35000e+00
  6269  6.22000e+00
  6270  6.13000e+00
  6271  6.06000e+00
  6272  6.01000e+00
  6273  5.98000e+00
  6274  5.97000e+00
  6275  5.96000e+00
  6276  5.96000e+00
  6277  5.95000e+00
  6278  5.93000e+00
  6279  5.90000e+00
  6280  5.86000e+00
  6281  5.81000e+00
  6282  5.76000e+00
  6283  5.71000e+00
  6284  5.66000e+00
  6285  5.64000e+00
  6286  5.62000e+00
  6287  5.64000e+00
  6288  5.67000e+00
  6289  5.74000e+00
  6290  5.83000e+00
  6291  5.96000e+00
  6292  6.12000e+00
  6293  6.32000e+00
  6294  6.55000e+00
  6295  6.83000e+00
  6296  7.14000e+00
  6297  7.50000e+00
  6298  7.90000e+00
  6299  8.33000e+00
  6300  8.81000e+00
  6301  9.30000e+00
  6302  9.82000e+00
  6303  1.03300e+01
  6304  1.08300e+01
  6305  1.12800e+01
  6306  1.16800e+01
  6307  1.20000e+01
  6308  1.22400e+01
  6309  1.23900e+01
  6310  1.24600e+01
  6311  1.24600e+01
  6312  1.24100e+01
  6313  1.23200e+01
  6314  1.22000e+01
  6315  1.20500e+01
  6316  1.18600e+01
  6317  1.16500e+01
  6318  1.14000e+01
  6319  1.11100e+01
  6320  1.08000e+01
  6321  1.04600e+01
  6322  1.01200e+01
  6323  9.78000e+00
  6324  9.47000e+00
  6325  9.17000e+00
  6326  8.92000e+00
  6327  8.71000e+00
  6328  8.54000e+00
  6329  8.41000e+00
  6330  8.32000e+00
  6331  8.26000e+00
  6332  8.22000e+00
  6333  8.20000e+00
  6334  8.17000e+00
  6335  8.13000e+00
  6336  8.06000e+00
  6337  7.96000e+00
  6338  7.82000e+00
  6339  7.65000e+00
  6340  7.44000e+00
  6341  7.21000e+00
  6342  6.97000e+00
  6343  6.73000e+00
  6344  6.50000e+00
  6345  6.28000e+00
  6346  6.08000e+00
  6347  5.91000e+00
  6348  5.76000e+00
  6349  5.64000e+00
  6350  5.55000e+00
  6351  5.49000e+00
  6352  5.45000e+00
  6353  5.44000e+00
  6354  5.46000e+00
  6355  5.51000e+00
  6356  5.59000e+00
  6357  5.70000e+00
  6358  5.84000e+00
  6359  6.00000e+00
  6360  6.20000e+00
  6361  6.41000e+00
  6362  6.66000e+00
  6363  6.92000e+00
  6364  7.19000e+00
  6365  7.47000e+00
  6366  7.74000e+00
  6367  8.00000e+00
  6368  8.23000e+00
  6369  8.43000e+00
  6370  8.59000e+00
  6371  8.72000e+00
  6372  8.82000e+00
  6373  8.91000e+00
  6374  8.99000e+00
  6375  9.07000e+00
  6376  9.17000e+00
  6377  9.29000e+00
  6378  9.44000e+00
  6379  9.60000e+00
  6380  9.79000e+00
  6381  9.97000e+00
  6382  1.01500e+01
  6383  1.03000e+01
  6384  1.04100e+01
  6385  1.04700e+01
  6386  1.04700e+01
  6387  1.04100e+01
  6388  1.02900e+01
  6389  1.01400e+01
  6390  9.96000e+00
  6391  9.77000e+00
  6392  9.60000e+00
  6393  9.44000e+00
  6394  9.32000e+00
  6395  9.23000e+00
  6396  9.19000e+00
  6397  9.18000e+00
  6398  9.22000e+00
  6399  9.29000e+00
  6400  9.40000e+00
  6401  9.53000e+00
  6402  9.67000e+00
  6403  9.83000e+00
  6404  9.99000e+00
  6405  1.01500e+01
  6406  1.03200e+01
  6407  1.04900e+01
  6408  1.06600e+01
  6409  1.08300e+01
  6410  1.10100e+01
  6411  1.12000e+01
  6412  1.13900e+01
  6413  1.15700e+01
  6414  1.17500e+01
  6415  1.19100e+01
  6416  1.20500e+01
  6417  1.21600e+01
  6418  1.22400e+01
  6419  1.23000e+01
  6420  1.23500e+01
  6421  1.24000e+01
  6422  1.24600e+01
  6423  1.25500e+01
  6424  1.26700e+01
  6425  1.28300e+01
  6426  1.30400e+01
  6427  1.32700e+01
  6428  1.35300e+01
  6429  1.37900e+01
  6430  1.40400e+01
  6431  1.42700e+01
  6432  1.44500e+01
  6433  1.45700e+01
  6434  1.46400e+01
  6435  1.46700e+01
  6436  1.46500e+01
  6437  1.46200e+01
  6438  1.45900e+01
  6439  1.45600e+01
  6440  1.45600e+01
  6441  1.46000e+01
  6442  1.46700e+01
  6443  1.47900e+01
  6444  1.49700e+01
  6445  1.51900e+01
  6446  1.54700e+01
  6447  1.58200e+01
  6448  1.62100e+01
  6449  1.66600e+01
  6450  1.71300e+01
  6451  1.76200e+01
  6452  1.80900e+01
  6453  1.85000e+01
  6454  1.88100e+01
  6455  1.89900e+01
  6456  1.90000e+01
  6457  1.88400e+01
  6458  1.84900e+01
  6459  1.79900e+01
  6460  1.73500e+01
  6461  1.66200e+01
  6462  1.58200e+01
  6463  1.50100e+01
  6464  1.42100e+01
  6465  1.34400e+01
  6466  1.27200e+01
  6467  1.20600e+01
  6468  1.14600e+01
  6469  1.09300e+01
  6470  1.04600e+01
  6471  1.00700e+01
  6472  9.73000e+00
  6473  9.47000e+00
  6474  9.26000e+00
  6475  9.11000e+00
  6476  9.02000e+00
  6477  8.98000e+00
  6478  9.00000e+00
  6479  9.07000e+00
  6480  9.20000e+00
  6481  9.37000e+00
  6482  9.60000e+00
  6483  9.87000e+00
  6484  1.01900e+01
  6485  1.05300e+01
  6486  1.09000e+01
  6487  1.12700e+01
  6488  1.16400e+01
  6489  1.19800e+01
  6490  1.22900e+01
  6491  1.25400e+01
  6492  1.27300e+01
  6493  1.28600e+01
  6494  1.29400e+01
  6495  1.29600e+01
  6496  1.29300e+01
  6497  1.28700e+01
  6498  1.27600e+01
  6499  1.26200e+01
  6500  1.24300e+01
  6501  1.22100e+01
  6502  1.19600e+01
  6503  1.16900e+01
  6504  1.14000e+01
  6505  1.11000e+01
  6506  1.08200e+01
  6507  1.05500e+01
  6508  1.03200e+01
  6509  1.01100e+01
  6510  9.92000e+00
  6511  9.76000e+00
  6512  9.61000e+00
  6513  9.47000e+00
  6514  9.31000e+00
  6515  9.12000e+00
  6516  8.90000e+00
  6517  8.65000e+00
  6518  8.36000e+00
  6519  8.04000e+00
  6520  7.69000e+00
  6521  7.32000e+00
  6522  6.96000e+00
  6523  6.59000e+00
  6524  6.24000e+00
  6525  5.91000e+00
  6526  5.59000e+00
  6527  5.30000e+00
  6528  5.03000e+00
  6529  4.78000e+00
  6530  4.56000e+00
  6531  4.35000e+00
  6532  4.17000e+00
  6533  4.00000e+00
  6534  3.85000e+00
  6535  3.71000e+00
  6536  3.59000e+00
  6537  3.48000e+00
  6538  3.38000e+00
  6539  3.30000e+00
  6540  3.22000e+00
  6541  3.15000e+00
  6542  3.09000e+00
  6543  3.04000e+00
  6544  3.00000e+00
  6545  2.96000e+00
  6546  2.93000e+00
  6547  2.90000e+00
  6548  2.89000e+00
  6549  2.87000e+00
  6550  2.87000e+00
  6551  2.87000e+00
  6552  2.87000e+00
  6553  2.89000e+00
  6554  2.90000e+00
  6555  2.93000e+00
  6556  2.96000e+00
  6557  2.99000e+00
  6558  3.03000e+00
  6559  3.08000e+00
  6560  3.14000e+00
  6561  3.20000e+00
  6562  3.27000e+00
  6563  3.35000e+00
  6564  3.44000e+00
  6565  3.54000e+00
  6566  3.65000e+00
  6567  3.77000e+00
  6568  3.90000e+00
  6569  4.05000e+00
  6570  4.21000e+00
  6571  4.39000e+00
  6572  4.58000e+00
  6573  4.80000e+00
  6574  5.04000e+00
  6575  5.30000e+00
  6576  5.59000e+00
  6577  5.90000e+00
  6578  6.25000e+00
  6579  6.64000e+00
  6580  7.07000e+00
  6581  7.55000e+00
  6582  8.07000e+00
  6583  8.65000e+00
  6584  9.28000e+00
  6585  9.98000e+00
  6586  1.07400e+01
  6587  1.15700e+01
  6588  1.24700e+01
  6589  1.34300e+01
  6590  1.44400e+01
  6591  1.54900e+01
  6592  1.65400e+01
  6593  1.75800e+01
  6594  1.85500e+01
  6595  1.94200e+01
  6596  2.01200e+01
  6597  2.06200e+01
  6598  2.08900e+01
  6599  2.09000e+01
  6600  2.06600e+01
  6601  2.02000e+01
  6602  1.95600e+01
  6603  1.87900e+01
  6604  1.79200e+01
  6605  1.70300e+01
  6606  1.61300e+01
  6607  1.52600e+01
  6608  1.44600e+01
  6609  1.37200e+01
  6610  1.30600e+01
  6611  1.24800e+01
  6612  1.19800e+01
  6613  1.15700e+01
  6614  1.12300e+01
  6615  1.09600e+01
  6616  1.07500e+01
  6617  1.05800e+01
  6618  1.04500e+01
  6619  1.03500e+01
  6620  1.02400e+01
  6621  1.01300e+01
  6622  9.99000e+00
  6623  9.81000e+00
  6624  9.60000e+00
  6625  9.34000e+00
  6626  9.05000e+00
  6627  8.74000e+00
  6628  8.41000e+00
  6629  8.09000e+00
  6630  7.77000e+00
  6631  7.47000e+00
  6632  7.19000e+00
  6633  6.95000e+00
  6634  6.73000e+00
  6635  6.55000e+00
  6636  6.40000e+00
  6637  6.27000e+00
  6638  6.17000e+00
  6639  6.08000e+00
  6640  6.00000e+00
  6641  5.92000e+00
  6642  5.84000e+00
  6643  5.74000e+00
  6644  5.61000e+00
  6645  5.46000e+00
  6646  5.29000e+00
  6647  5.09000e+00
  6648  4.88000e+00
  6649  4.65000e+00
  6650  4.42000e+00
  6651  4.19000e+00
  6652  3.96000e+00
  6653  3.74000e+00
  6654  3.53000e+00
  6655  3.33000e+00
  6656  3.14000e+00
  6657  2.97000e+00
  6658  2.81000e+00
  6659  2.66000e+00
  6660  2.53000e+00
  6661  2.40000e+00
  6662  2.29000e+00
  6663  2.18000e+00
  6664  2.08000e+00
  6665  1.99000e+00
  6666  1.90000e+00
  6667  1.83000e+00
  6668  1.75000e+00
  6669  1.68000e+00
  6670  1.62000e+00
  6671  1.56000e+00
  6672  1.51000e+00
  6673  1.45000e+00
  6674  1.41000e+00
  6675  1.36000e+00
  6676  1.32000e+00
  6677  1.28000e+00
  6678  1.24000e+00
  6679  1.20000e+00
  6680  1.17000e+00
  6681  1.14000e+00
  6682  1.10000e+00
  6683  1.08000e+00
  6684  1.05000e+00
  6685  1.02000e+00
  6686  1.00000e+00
  6687  9.70000e-01
  6688  9.50000e-01
  6689  9.30000e-01
  6690  9.10000e-01
  6691  8.80000e-01
  6692  8.70000e-01
  6693  8.50000e-01
  6694  8.30000e-01
  6695  8.10000e-01
  6696  8.00000e-01
  6697  7.80000e-01
  6698  7.60000e-01
  6699  7.50000e-01
  6700  7.40000e-01
  6701  7.20000e-01
  6702  7.10000e-01
  6703  7.00000e-01
  6704  6.80000e-01
  6705  6.70000e-01
  6706  6.60000e-01
  6707  6.50000e-01
  6708  6.40000e-01
  6709  6.30000e-01
  6710  6.20000e-01
  6711  6.10000e-01
  6712  6.00000e-01
  6713  5.90000e-01
  6714  5.80000e-01
  6715  5.70000e-01
  6716  5.60000e-01
  6717  5.60000e-01
  6718  5.50000e-01
  6719  5.40000e-01
  6720  5.30000e-01
  6721  5.30000e-01
  6722  5.20000e-01
  6723  5.10000e-01
  6724  5.00000e-01
  6725  5.00000e-01
  6726  4.90000e-01
  6727  4.90000e-01
  6728  4.80000e-01
  6729  4.70000e-01
  6730  4.70000e-01
  6731  4.60000e-01
  6732  4.60000e-01
  6733  4.50000e-01
  6734  4.50000e-01
  6735  4.40000e-01
  6736  4.40000e-01
  6737  4.30000e-01
  6738  4.30000e-01
  6739  4.20000e-01
  6740  4.20000e-01
  6741  4.10000e-01
  6742  4.10000e-01
  6743  4.00000e-01
  6744  4.00000e-01
  6745  4.00000e-01
  6746  3.90000e-01
  6747  3.90000e-01
  6748  3.90000e-01
  6749  3.80000e-01
  6750  3.80000e-01
  6751  3.70000e-01
  6752  3.70000e-01
  6753  3.70000e-01
  6754  3.60000e-01
  6755  3.60000e-01
  6756  3.60000e-01
  6757  3.50000e-01
  6758  3.50000e-01
  6759  3.50000e-01
  6760  3.50000e-01
  6761  3.40000e-01
  6762  3.40000e-01
  6763  3.40000e-01
  6764  3.30000e-01
  6765  3.30000e-01
  6766  3.30000e-01
  6767  3.30000e-01
  6768  3.20000e-01
  6769  3.20000e-01
  6770  3.20000e-01
  6771  3.20000e-01
  6772  3.10000e-01
  6773  3.10000e-01
  6774  3.10000e-01
  6775  3.10000e-01
  6776  3.10000e-01
  6777  3.00000e-01
  6778  3.00000e-01
  6779  3.00000e-01
  6780  3.00000e-01
  6781  3.00000e-01
  6782  2.90000e-01
  6783  2.90000e-01
  6784  2.90000e-01
  6785  2.90000e-01
  6786  2.90000e-01
  6787  2.80000e-01
  6788  2.80000e-01
  6789  2.80000e-01
  6790  2.80000e-01
  6791  2.80000e-01
  6792  2.80000e-01
  6793  2.70000e-01
  6794  2.70000e-01
  6795  2.70000e-01
  6796  2.70000e-01
  6797  2.70000e-01
  6798  2.70000e-01
  6799  2.70000e-01
  6800  2.60000e-01
  6801  2.60000e-01
  6802  2.60000e-01
  6803  2.60000e-01
  6804  2.60000e-01
  6805  2.60000e-01
  6806  2.60000e-01
  6807  2.60000e-01
  6808  2.60000e-01
  6809  2.50000e-01
  6810  2.50000e-01
  6811  2.50000e-01
  6812  2.50000e-01
  6813  2.50000e-01
  6814  2.50000e-01
  6815  2.50000e-01
  6816  2.50000e-01
  6817  2.50000e-01
  6818  2.50000e-01
  6819  2.40000e-01
  6820  2.40000e-01
  6821  2.40000e-01
  6822  2.40000e-01
  6823  2.40000e-01
  6824  2.40000e-01
  6825  2.40000e-01
  6826  2.40000e-01
  6827  2.40000e-01
  6828  2.40000e-01
  6829  2.40000e-01
  6830  2.40000e-01
  6831  2.40000e-01
  6832  2.30000e-01
  6833  2.30000e-01
  6834  2.30000e-01
  6835  2.30000e-01
  6836  2.30000e-01
  6837  2.30000e-01
  6838  2.30000e-01
  6839  2.30000e-01
  6840  2.30000e-01
  6841  2.30000e-01
  6842  2.30000e-01
  6843  2.30000e-01
  6844  2.30000e-01
  6845  2.30000e-01
  6846  2.30000e-01
  6847  2.30000e-01
  6848  2.30000e-01
  6849  2.30000e-01
  6850  2.30000e-01
  6851  2.30000e-01
  6852  2.30000e-01
  6853  2.30000e-01
  6854  2.30000e-01
  6855  2.30000e-01
  6856  2.30000e-01
  6857  2.30000e-01
  6858  2.30000e-01
  6859  2.30000e-01
  6860  2.30000e-01
  6861  2.30000e-01
  6862  2.30000e-01
  6863  2.30000e-01
  6864  2.30000e-01
  6865  2.30000e-01
  6866  2.30000e-01
  6867  2.30000e-01
  6868  2.30000e-01
  6869  2.30000e-01
  6870  2.30000e-01
  6871  2.30000e-01
  6872  2.30000e-01
  6873  2.30000e-01
  6874  2.30000e-01
  6875  2.30000e-01
  6876  2.30000e-01
  6877  2.30000e-01
  6878  2.30000e-01
  6879  2.30000e-01
  6880  2.30000e-01
  6881  2.30000e-01
  6882  2.30000e-01
  6883  2.30000e-01
  6884  2.30000e-01
  6885  2.30000e-01
  6886  2.30000e-01
  6887  2.40000e-01
  6888  2.40000e-01
  6889  2.40000e-01
  6890  2.40000e-01
  6891  2.40000e-01
  6892  2.40000e-01
  6893  2.40000e-01
  6894  2.40000e-01
  6895  2.40000e-01
  6896  2.40000e-01
  6897  2.50000e-01
  6898  2.50000e-01
  6899  2.50000e-01
  6900  2.50000e-01
  6901  2.50000e-01
  6902  2.50000e-01
  6903  2.50000e-01
  6904  2.50000e-01
  6905  2.60000e-01
  6906  2.60000e-01
  6907  2.60000e-01
  6908  2.60000e-01
  6909  2.60000e-01
  6910  2.70000e-01
  6911  2.70000e-01
  6912  2.70000e-01
  6913  2.70000e-01
  6914  2.70000e-01
  6915  2.80000e-01
  6916  2.80000e-01
  6917  2.80000e-01
  6918  2.80000e-01
  6919  2.90000e-01
  6920  2.90000e-01
  6921  2.90000e-01
  6922  3.00000e-01
  6923  3.00000e-01
  6924  3.00000e-01
  6925  3.10000e-01
  6926  3.10000e-01
  6927  3.10000e-01
  6928  3.20000e-01
  6929  3.20000e-01
  6930  3.30000e-01
  6931  3.30000e-01
  6932  3.30000e-01
  6933  3.40000e-01
  6934  3.40000e-01
  6935  3.50000e-01
  6936  3.50000e-01
  6937  3.60000e-01
  6938  3.70000e-01
  6939  3.70000e-01
  6940  3.80000e-01
  6941  3.90000e-01
  6942  3.90000e-01
  6943  4.00000e-01
  6944  4.10000e-01
  6945  4.20000e-01
  6946  4.30000e-01
  6947  4.40000e-01
  6948  4.40000e-01
  6949  4.50000e-01
  6950  4.70000e-01
  6951  4.80000e-01
  6952  4.90000e-01
  6953  5.00000e-01
  6954  5.10000e-01
  6955  5.30000e-01
  6956  5.40000e-01
  6957  5.60000e-01
  6958  5.80000e-01
  6959  6.00000e-01
  6960  6.10000e-01
  6961  6.30000e-01
  6962  6.60000e-01
  6963  6.80000e-01
  6964  7.10000e-01
  6965  7.30000e-01
  6966  7.60000e-01
  6967  7.90000e-01
  6968  8.30000e-01
  6969  8.60000e-01
  6970  9.00000e-01
  6971  9.40000e-01
  6972  9.90000e-01
  6973  1.04000e+00
  6974  1.09000e+00
  6975  1.15000e+00
  6976  1.22000e+00
  6977  1.28000e+00
  6978  1.36000e+00
  6979  1.44000e+00
  6980  1.53000e+00
  6981  1.63000e+00
  6982  1.73000e+00
  6983  1.84000e+00
  6984  1.96000e+00
  6985  2.09000e+00
  6986  2.22000e+00
  6987  2.35000e+00
  6988  2.49000e+00
  6989  2.63000e+00
  6990  2.76000e+00
  6991  2.88000e+00
  6992  2.99000e+00
  6993  3.09000e+00
  6994  3.18000e+00
  6995  3.26000e+00
  6996  3.32000e+00
  6997  3.38000e+00
  6998  3.43000e+00
  6999  3.48000e+00
  7000  3.53000e+00
  7001  3.58000e+00
  7002  3.63000e+00
  7003  3.68000e+00
  7004  3.73000e+00
  7005  3.77000e+00
  7006  3.80000e+00
  7007  3.81000e+00
  7008  3.80000e+00
  7009  3.77000e+00
  7010  3.71000e+00
  7011  3.63000e+00
  7012  3.52000e+00
  7013  3.41000e+00
  7014  3.28000e+00
  7015  3.14000e+00
  7016  3.01000e+00
  7017  2.88000e+00
  7018  2.75000e+00
  7019  2.64000e+00
  7020  2.53000e+00
  7021  2.44000e+00
  7022  2.36000e+00
  7023  2.28000e+00
  7024  2.23000e+00
  7025  2.18000e+00
  7026  2.14000e+00
  7027  2.12000e+00
  7028  2.10000e+00
  7029  2.10000e+00
  7030  2.10000e+00
  7031  2.12000e+00
  7032  2.15000e+00
  7033  2.19000e+00
  7034  2.24000e+00
  7035  2.30000e+00
  7036  2.37000e+00
  7037  2.46000e+00
  7038  2.56000e+00
  7039  2.68000e+00
  7040  2.81000e+00
  7041  2.96000e+00
  7042  3.12000e+00
  7043  3.30000e+00
  7044  3.49000e+00
  7045  3.70000e+00
  7046  3.91000e+00
  7047  4.14000e+00
  7048  4.37000e+00
  7049  4.59000e+00
  7050  4.80000e+00
  7051  4.98000e+00
  7052  5.13000e+00
  7053  5.25000e+00
  7054  5.31000e+00
  7055  5.32000e+00
  7056  5.28000e+00
  7057  5.20000e+00
  7058  5.07000e+00
  7059  4.91000e+00
  7060  4.73000e+00
  7061  4.53000e+00
  7062  4.33000e+00
  7063  4.14000e+00
  7064  3.95000e+00
  7065  3.78000e+00
  7066  3.62000e+00
  7067  3.49000e+00
  7068  3.37000e+00
  7069  3.27000e+00
  7070  3.18000e+00
  7071  3.12000e+00
  7072  3.07000e+00
  7073  3.03000e+00
  7074  3.00000e+00
  7075  2.98000e+00
  7076  2.96000e+00
  7077  2.94000e+00
  7078  2.92000e+00
  7079  2.88000e+00
  7080  2.84000e+00
  7081  2.78000e+00
  7082  2.70000e+00
  7083  2.62000e+00
  7084  2.52000e+00
  7085  2.41000e+00
  7086  2.30000e+00
  7087  2.18000e+00
  7088  2.07000e+00
  7089  1.95000e+00
  7090  1.85000e+00
  7091  1.74000e+00
  7092  1.64000e+00
  7093  1.55000e+00
  7094  1.47000e+00
  7095  1.39000e+00
  7096  1.32000e+00
  7097  1.25000e+00
  7098  1.19000e+00
  7099  1.13000e+00
  7100  1.08000e+00
  7101  1.03000e+00
  7102  9.90000e-01
  7103  9.40000e-01
  7104  9.10000e-01
  7105  8.70000e-01
  7106  8.40000e-01
  7107  8.10000e-01
  7108  7.80000e-01
  7109  7.60000e-01
  7110  7.30000e-01
  7111  7.10000e-01
  7112  6.90000e-01
  7113  6.70000e-01
  7114  6.50000e-01
  7115  6.30000e-01
  7116  6.20000e-01
  7117  6.00000e-01
  7118  5.90000e-01
  7119  5.80000e-01
  7120  5.70000e-01
  7121  5.50000e-01
  7122  5.40000e-01
  7123  5.30000e-01
  7124  5.20000e-01
  7125  5.20000e-01
  7126  5.10000e-01
  7127  5.00000e-01
  7128  4.90000e-01
  7129  4.90000e-01
  7130  4.80000e-01
  7131  4.80000e-01
  7132  4.70000e-01
  7133  4.70000e-01
  7134  4.60000e-01
  7135  4.60000e-01
  7136  4.50000e-01
  7137  4.50000e-01
  7138  4.50000e-01
  7139  4.40000e-01
  7140  4.40000e-01
  7141  4.40000e-01
  7142  4.40000e-01
  7143  4.40000e-01
  7144  4.40000e-01
  7145  4.30000e-01
  7146  4.30000e-01
  7147  4.30000e-01
  7148  4.30000e-01
  7149  4.30000e-01
  7150  4.30000e-01
  7151  4.30000e-01
  7152  4.40000e-01
  7153  4.40000e-01
  7154  4.40000e-01
  7155  4.40000e-01
  7156  4.40000e-01
  7157  4.40000e-01
  7158  4.50000e-01
  7159  4.50000e-01
  7160  4.50000e-01
  7161  4.60000e-01
  7162  4.60000e-01
  7163  4.70000e-01
  7164  4.70000e-01
  7165  4.80000e-01
  7166  4.80000e-01
  7167  4.90000e-01
  7168  4.90000e-01
  7169  5.00000e-01
  7170  5.10000e-01
  7171  5.20000e-01
  7172  5.20000e-01
  7173  5.30000e-01
  7174  5.40000e-01
  7175  5.50000e-01
  7176  5.60000e-01
  7177  5.70000e-01
  7178  5.90000e-01
  7179  6.00000e-01
  7180  6.10000e-01
  7181  6.30000e-01
  7182  6.50000e-01
  7183  6.60000e-01
  7184  6.80000e-01
  7185  7.00000e-01
  7186  7.20000e-01
  7187  7.40000e-01
  7188  7.70000e-01
  7189  7.90000e-01
  7190  8.20000e-01
  7191  8.50000e-01
  7192  8.80000e-01
  7193  9.20000e-01
  7194  9.60000e-01
  7195  1.00000e+00
  7196  1.04000e+00
  7197  1.09000e+00
  7198  1.14000e+00
  7199  1.20000e+00
  7200  1.26000e+00
  7201  1.32000e+00
  7202  1.40000e+00
  7203  1.47000e+00
  7204  1.56000e+00
  7205  1.65000e+00
  7206  1.76000e+00
  7207  1.87000e+00
  7208  1.99000e+00
  7209  2.12000e+00
  7210  2.27000e+00
  7211  2.42000e+00
  7212  2.59000e+00
  7213  2.77000e+00
  7214  2.96000e+00
  7215  3.17000e+00
  7216  3.38000e+00
  7217  3.59000e+00
  7218  3.80000e+00
  7219  4.01000e+00
  7220  4.20000e+00
  7221  4.37000e+00
  7222  4.51000e+00
  7223  4.60000e+00
  7224  4.66000e+00
  7225  4.66000e+00
  7226  4.62000e+00
  7227  4.53000e+00
  7228  4.41000e+00
  7229  4.25000e+00
  7230  4.07000e+00
  7231  3.87000e+00
  7232  3.67000e+00
  7233  3.46000e+00
  7234  3.26000e+00
  7235  3.07000e+00
  7236  2.89000e+00
  7237  2.72000e+00
  7238  2.56000e+00
  7239  2.42000e+00
  7240  2.28000e+00
  7241  2.16000e+00
  7242  2.05000e+00
  7243  1.95000e+00
  7244  1.86000e+00
  7245  1.78000e+00
  7246  1.71000e+00
  7247  1.65000e+00
  7248  1.59000e+00
  7249  1.54000e+00
  7250  1.49000e+00
  7251  1.45000e+00
  7252  1.42000e+00
  7253  1.39000e+00
  7254  1.36000e+00
  7255  1.34000e+00
  7256  1.32000e+00
  7257  1.31000e+00
  7258  1.30000e+00
  7259  1.29000e+00
  7260  1.28000e+00
  7261  1.28000e+00
  7262  1.28000e+00
  7263  1.29000e+00
  7264  1.30000e+00
  7265  1.31000e+00
  7266  1.32000e+00
  7267  1.34000e+00
  7268  1.36000e+00
  7269  1.38000e+00
  7270  1.41000e+00
  7271  1.44000e+00
  7272  1.47000e+00
  7273  1.51000e+00
  7274  1.55000e+00
  7275  1.60000e+00
  7276  1.65000e+00
  7277  1.71000e+00
  7278  1.77000e+00
  7279  1.83000e+00
  7280  1.91000e+00
  7281  1.99000e+00
  7282  2.07000e+00
  7283  2.17000e+00
  7284  2.27000e+00
  7285  2.38000e+00
  7286  2.51000e+00
  7287  2.64000e+00
  7288  2.79000e+00
  7289  2.95000e+00
  7290  3.13000e+00
  7291  3.32000e+00
  7292  3.53000e+00
  7293  3.76000e+00
  7294  4.01000e+00
  7295  4.28000e+00
  7296  4.57000e+00
  7297  4.88000e+00
  7298  5.21000e+00
  7299  5.57000e+00
  7300  5.94000e+00
  7301  6.32000e+00
  7302  6.71000e+00
  7303  7.09000e+00
  7304  7.47000e+00
  7305  7.83000e+00
  7306  8.17000e+00
  7307  8.47000e+00
  7308  8.73000e+00
  7309  8.95000e+00
  7310  9.13000e+00
  7311  9.28000e+00
  7312  9.39000e+00
  7313  9.48000e+00
  7314  9.54000e+00
  7315  9.58000e+00
  7316  9.60000e+00
  7317  9.59000e+00
  7318  9.54000e+00
  7319  9.44000e+00
  7320  9.30000e+00
  7321  9.11000e+00
  7322  8.86000e+00
  7323  8.55000e+00
  7324  8.21000e+00
  7325  7.83000e+00
  7326  7.43000e+00
  7327  7.01000e+00
  7328  6.60000e+00
  7329  6.19000e+00
  7330  5.79000e+00
  7331  5.41000e+00
  7332  5.05000e+00
  7333  4.71000e+00
  7334  4.39000e+00
  7335  4.10000e+00
  7336  3.83000e+00
  7337  3.58000e+00
  7338  3.35000e+00
  7339  3.14000e+00
  7340  2.95000e+00
  7341  2.77000e+00
  7342  2.60000e+00
  7343  2.45000e+00
  7344  2.32000e+00
  7345  2.19000e+00
  7346  2.07000e+00
  7347  1.96000e+00
  7348  1.86000e+00
  7349  1.77000e+00
  7350  1.68000e+00
  7351  1.60000e+00
  7352  1.52000e+00
  7353  1.45000e+00
  7354  1.39000e+00
  7355  1.33000e+00
  7356  1.27000e+00
  7357  1.22000e+00
  7358  1.17000e+00
  7359  1.12000e+00
  7360  1.08000e+00
  7361  1.04000e+00
  7362  1.00000e+00
  7363  9.60000e-01
  7364  9.30000e-01
  7365  8.90000e-01
  7366  8.60000e-01
  7367  8.30000e-01
  7368  8.10000e-01
  7369  7.80000e-01
  7370  7.60000e-01
  7371  7.30000e-01
  7372  7.10000e-01
  7373  6.90000e-01
  7374  6.70000e-01
  7375  6.50000e-01
  7376  6.30000e-01
  7377  6.10000e-01
  7378  5.90000e-01
  7379  5.80000e-01
  7380  5.60000e-01
  7381  5.50000e-01
  7382  5.30000e-01
  7383  5.20000e-01
  7384  5.10000e-01
  7385  4.90000e-01
  7386  4.80000e-01
  7387  4.70000e-01
  7388  4.60000e-01
  7389  4.50000e-01
  7390  4.40000e-01
  7391  4.30000e-01
  7392  4.20000e-01
  7393  4.10000e-01
  7394  4.00000e-01
  7395  3.90000e-01
  7396  3.80000e-01
  7397  3.80000e-01
  7398  3.70000e-01
  7399  3.60000e-01
  7400  3.50000e-01
  7401  3.50000e-01
  7402  3.40000e-01
  7403  3.30000e-01
  7404  3.30000e-01
  7405  3.20000e-01
  7406  3.20000e-01
  7407  3.10000e-01
  7408  3.10000e-01
  7409  3.00000e-01
  7410  2.90000e-01
  7411  2.90000e-01
  7412  2.80000e-01
  7413  2.80000e-01
  7414  2.80000e-01
  7415  2.70000e-01
  7416  2.70000e-01
  7417  2.60000e-01
  7418  2.60000e-01
  7419  2.50000e-01
  7420  2.50000e-01
  7421  2.50000e-01
  7422  2.40000e-01
  7423  2.40000e-01
  7424  2.40000e-01
  7425  2.30000e-01
  7426  2.30000e-01
  7427  2.30000e-01
  7428  2.20000e-01
  7429  2.20000e-01
  7430  2.20000e-01
  7431  2.10000e-01
  7432  2.10000e-01
  7433  2.10000e-01
  7434  2.00000e-01
  7435  2.00000e-01
  7436  2.00000e-01
  7437  2.00000e-01
  7438  1.90000e-01
  7439  1.90000e-01
  7440  1.90000e-01
  7441  1.90000e-01
  7442  1.80000e-01
  7443  1.80000e-01
  7444  1.80000e-01
  7445  1.80000e-01
  7446  1.80000e-01
  7447  1.70000e-01
  7448  1.70000e-01
  7449  1.70000e-01
  7450  1.70000e-01
  7451  1.70000e-01
  7452  1.60000e-01
  7453  1.60000e-01
  7454  1.60000e-01
  7455  1.60000e-01
  7456  1.60000e-01
  7457  1.60000e-01
  7458  1.50000e-01
  7459  1.50000e-01
  7460  1.50000e-01
  7461  1.50000e-01
  7462  1.50000e-01
  7463  1.50000e-01
  7464  1.40000e-01
  7465  1.40000e-01
  7466  1.40000e-01
  7467  1.40000e-01
  7468  1.40000e-01
  7469  1.40000e-01
  7470  1.40000e-01
  7471  1.40000e-01
  7472  1.30000e-01
  7473  1.30000e-01
  7474  1.30000e-01
  7475  1.30000e-01
  7476  1.30000e-01
  7477  1.30000e-01
  7478  1.30000e-01
  7479  1.30000e-01
  7480  1.20000e-01
  7481  1.20000e-01
  7482  1.20000e-01
  7483  1.20000e-01
  7484  1.20000e-01
  7485  1.20000e-01
  7486  1.20000e-01
  7487  1.20000e-01
  7488  1.20000e-01
  7489  1.20000e-01
  7490  1.10000e-01
  7491  1.10000e-01
  7492  1.10000e-01
  7493  1.10000e-01
  7494  1.10000e-01
  7495  1.10000e-01
  7496  1.10000e-01
  7497  1.10000e-01
  7498  1.10000e-01
  7499  1.10000e-01
  7500  1.10000e-01
  7501  1.10000e-01
  7502  1.00000e-01
  7503  1.00000e-01
  7504  1.00000e-01
  7505  1.00000e-01
  7506  1.00000e-01
  7507  1.00000e-01
  7508  1.00000e-01
  7509  1.00000e-01
  7510  1.00000e-01
  7511  1.00000e-01
  7512  1.00000e-01
  7513  1.00000e-01
  7514  1.00000e-01
  7515  1.00000e-01
  7516  9.00000e-02
  7517  9.00000e-02
  7518  9.00000e-02
  7519  9.00000e-02
  7520  9.00000e-02
  7521  9.00000e-02
  7522  9.00000e-02
  7523  9.00000e-02
  7524  9.00000e-02
  7525  9.00000e-02
  7526  9.00000e-02
  7527  9.00000e-02
  7528  9.00000e-02
  7529  9.00000e-02
  7530  9.00000e-02
  7531  9.00000e-02
  7532  9.00000e-02
  7533  8.00000e-02
  7534  8.00000e-02
